Timestamp	Time [s]	WL 1[nm]	WL 2[nm]	WL 3[nm]	WL 4[nm]	WL 5[nm]	WL 6[nm]	WL 7[nm]	WL 8[nm]	
2025-04-10T12:21:11Z	10993.00000	1553.80728	1543.36313	1530.39146	1553.95623	1543.39510	1530.51128
2025-04-10T12:23:50Z	11152.00000	1553.81587	1543.37146	1530.42733	1554.01703	1543.48144	1530.56159
2025-04-10T12:23:51Z	11153.00000	1553.81567	1543.37121	1530.42707	1554.01677	1543.48128	1530.56132
2025-04-10T12:23:52Z	11154.00000	1553.81549	1543.37097	1530.42685	1554.01652	1543.48128	1530.56128
2025-04-10T12:23:53Z	11155.00000	1553.81529	1543.37073	1530.42658	1554.01628	1543.48124	1530.56119
2025-04-10T12:23:54Z	11156.00000	1553.81511	1543.37053	1530.42634	1554.01603	1543.48120	1530.56117
2025-04-10T12:23:55Z	11157.00000	1553.81491	1543.37025	1530.42610	1554.01582	1543.48120	1530.56116
2025-04-10T12:23:56Z	11158.00000	1553.81476	1543.37009	1530.42589	1554.01561	1543.48114	1530.56104
2025-04-10T12:23:57Z	11159.00000	1553.81466	1543.36990	1530.42566	1554.01542	1543.48119	1530.56109
2025-04-10T12:23:58Z	11160.00000	1553.81450	1543.36973	1530.42545	1554.01521	1543.48111	1530.56098
2025-04-10T12:23:59Z	11161.00000	1553.81439	1543.36959	1530.42527	1553.98412	1543.40625	1530.52346
2025-04-10T12:24:00Z	11161.00000	1553.85939	1543.52754	1530.48371	1552.65467	1540.13678	1528.89606
2025-04-10T12:24:01Z	11162.00000	1553.93506	1543.79468	1530.59102	1551.48119	1537.56348	1534.47070	1069.30352
2025-04-10T12:24:01Z	11163.00000	1553.98225	1543.94411	1530.66993	1550.58594	1535.63268	1533.21511
2025-04-10T12:24:02Z	11164.00000	1554.00703	1544.02619	1530.71235	1550.31989	1534.99136	1532.08306
2025-04-10T12:24:03Z	11165.00000	1554.01128	1544.04424	1530.71933	1550.28225	1534.87374	1533.97200	1525.79179
2025-04-10T12:24:04Z	11166.00000	1554.01284	1544.04938	1530.72083	1550.27930	1534.86401	1533.95982	1525.78635
2025-04-10T12:24:05Z	11167.00000	1554.01426	1544.05184	1530.72653	1550.21049	1534.87663	1533.96150	1525.80465
2025-04-10T12:24:06Z	11168.00000	1554.01310	1544.04356	1530.72656	1550.26436	1534.86666	1533.11151
2025-04-10T12:24:07Z	11169.00000	1554.01169	1544.03216	1530.71918	1550.29914	1534.85705	1525.81028
2025-04-10T12:24:08Z	11170.00000	1554.00599	1544.01595	1530.70923	1552.20648	1538.63964	1531.75871
2025-04-10T12:24:09Z	11171.00000	1553.89962	1543.67004	1530.52769	1553.40037	1541.77235	1529.76164
2025-04-10T12:24:10Z	11172.00000	1553.83585	1543.43058	1530.44366	1553.99000	1543.35305	1530.52202
2025-04-10T12:24:11Z	11173.00000	1553.82335	1543.39122	1530.43042	1553.99525	1543.38031	1530.53018
2025-04-10T12:24:12Z	11173.00000	1553.82170	1543.38728	1530.42913	1553.99832	1543.39325	1530.53466
2025-04-10T12:24:13Z	11174.00000	1553.82061	1543.38476	1530.42823	1554.00021	1543.40148	1530.53762
2025-04-10T12:24:14Z	11175.00000	1553.81976	1543.38287	1530.42748	1554.00174	1543.40753	1530.53987
2025-04-10T12:24:14Z	11176.00000	1553.83696	1543.44126	1530.44891	1553.04893	1541.00742	1529.33806
2025-04-10T12:24:15Z	11177.00000	1553.92520	1543.74515	1530.56547	1551.83218	1537.99145	1536.24472	1298.60054
2025-04-10T12:24:16Z	11178.00000	1553.98050	1543.90912	1530.64785	1550.89105	1536.06164	1530.51017	686.92626
2025-04-10T12:24:17Z	11179.00000	1554.02559	1544.00788	1530.70366	1550.33814	1534.94239	1526.62717
2025-04-10T12:24:18Z	11180.00000	1554.01462	1544.03166	1530.71170	1550.32965	1534.89953	1525.78269
2025-04-10T12:24:19Z	11181.00000	1554.01424	1544.03290	1530.71192	1550.33636	1534.90144	1525.78360
2025-04-10T12:24:20Z	11182.00000	1554.01401	1544.03348	1530.71178	1550.33815	1534.89970	1525.78476
2025-04-10T12:24:21Z	11183.00000	1554.01452	1544.03428	1530.71185	1550.33964	1534.89823	1525.78583
2025-04-10T12:24:22Z	11184.00000	1554.01492	1544.03487	1530.71190	1550.34077	1534.89695	1525.78672
2025-04-10T12:24:23Z	11185.00000	1554.01525	1544.03536	1530.71191	1550.97171	1536.04406	1530.48841	611.06733
2025-04-10T12:24:24Z	11185.00000	1553.91805	1543.75263	1530.55592	1553.02307	1540.66277	1529.16271
2025-04-10T12:24:25Z	11186.00000	1553.86018	1543.51677	1530.46904	1553.93671	1543.18425	1530.44721
2025-04-10T12:24:26Z	11187.00000	1553.82450	1543.39602	1530.42993	1553.98743	1543.35019	1530.51915
2025-04-10T12:24:26Z	11188.00000	1553.82238	1543.39078	1530.42828	1553.99113	1543.36713	1530.52492
2025-04-10T12:24:27Z	11189.00000	1553.82109	1543.38770	1530.42721	1553.99356	1543.37726	1530.52847
2025-04-10T12:24:28Z	11190.00000	1553.82011	1543.38547	1530.42636	1553.99536	1543.38452	1530.53123
2025-04-10T12:24:29Z	11191.00000	1553.82472	1543.40150	1530.43181	1553.30675	1541.61325	1529.59396
2025-04-10T12:24:30Z	11192.00000	1553.91474	1543.70535	1530.54283	1552.05610	1538.34606	1533.58526	840.34187
2025-04-10T12:24:31Z	11193.00000	1553.97788	1543.89464	1530.63640	1551.14188	1536.52235	1528.65834
2025-04-10T12:24:32Z	11194.00000	1554.00633	1543.98149	1530.68537	1550.58701	1535.35485	1527.35240
2025-04-10T12:24:33Z	11195.00000	1554.01340	1544.02661	1530.70473	1550.38704	1534.94494	1525.73090
2025-04-10T12:24:34Z	11196.00000	1554.01576	1544.02914	1530.70568	1550.39104	1534.94047	1529.00840	610.29396
2025-04-10T12:24:35Z	11197.00000	1554.01665	1544.03020	1530.70596	1550.39313	1534.93802	1533.91387	1525.73645
2025-04-10T12:24:36Z	11198.00000	1554.01719	1544.03085	1530.70608	1550.39446	1534.93636	1533.90905	1525.73762
2025-04-10T12:24:37Z	11198.00000	1554.01759	1544.03132	1530.70614	1550.39545	1534.93504	1533.90523	1525.73847
2025-04-10T12:24:38Z	11199.00000	1554.01794	1544.03168	1530.70616	1550.44195	1535.07870	1533.20660	1373.21980
2025-04-10T12:24:38Z	11200.00000	1553.92796	1543.79085	1530.56718	1552.84012	1540.15010	1528.89997
2025-04-10T12:24:39Z	11201.00000	1553.86978	1543.55276	1530.47849	1553.84363	1542.92213	1530.31893
2025-04-10T12:24:40Z	11202.00000	1553.82481	1543.39793	1530.42863	1553.98237	1543.33278	1530.51300
2025-04-10T12:24:41Z	11203.00000	1553.82244	1543.39205	1530.42684	1553.98640	1543.35204	1530.51924
2025-04-10T12:24:42Z	11204.00000	1553.82106	1543.38885	1530.42578	1553.98902	1543.36324	1530.52313
2025-04-10T12:24:43Z	11205.00000	1553.82004	1543.38656	1530.42493	1553.99099	1543.37118	1530.52615
2025-04-10T12:24:44Z	11206.00000	1553.82046	1543.38881	1530.42558	1553.44557	1541.97333	1529.78412
2025-04-10T12:24:45Z	11207.00000	1553.91021	1543.68359	1530.53261	1552.24097	1538.72342	1531.23781	458.37352
2025-04-10T12:24:46Z	11208.00000	1553.97433	1543.88176	1530.62328	1551.22353	1536.54177	1528.02557
2025-04-10T12:24:47Z	11209.00000	1554.00651	1543.98959	1530.68009	1550.79386	1535.44237	1525.88669
2025-04-10T12:24:48Z	11210.00000	1554.01298	1544.00644	1530.69268	1550.75490	1535.31858	1525.81790
2025-04-10T12:24:49Z	11211.00000	1554.01644	1544.01252	1530.69564	1550.73153	1535.25980	1525.79339
2025-04-10T12:24:50Z	11212.00000	1554.01796	1544.01565	1530.69702	1550.71779	1535.22524	1525.77040
2025-04-10T12:24:51Z	11213.00000	1554.01928	1544.01741	1530.69754	1550.71274	1535.21253	1525.76819
2025-04-10T12:24:52Z	11213.00000	1554.02014	1544.01844	1530.69777	1550.70962	1535.20412	1525.76701
2025-04-10T12:24:53Z	11214.00000	1554.02066	1544.01992	1530.69792	1550.85142	1535.54281	1527.44515	229.08818
2025-04-10T12:24:53Z	11215.00000	1553.92505	1543.76118	1530.55036	1552.99668	1540.52594	1529.06073
2025-04-10T12:24:54Z	11216.00000	1553.86307	1543.52431	1530.46713	1553.91631	1543.11765	1530.41616
2025-04-10T12:24:55Z	11217.00000	1553.82408	1543.39682	1530.42634	1553.98076	1543.32640	1530.51021
2025-04-10T12:24:56Z	11218.00000	1553.82199	1543.39175	1530.42485	1553.98432	1543.34408	1530.51615
2025-04-10T12:24:57Z	11219.00000	1553.82069	1543.38873	1530.42382	1553.98675	1543.35492	1530.51997
2025-04-10T12:24:58Z	11220.00000	1553.81972	1543.38654	1530.42307	1553.98854	1543.36258	1530.52290
2025-04-10T12:24:59Z	11221.00000	1553.82192	1543.39449	1530.42570	1553.38274	1541.78190	1529.67093
2025-04-10T12:25:00Z	11222.00000	1553.91799	1543.70523	1530.53774	1552.19354	1538.48216	1533.63719	840.31027
2025-04-10T12:25:01Z	11223.00000	1553.98104	1543.90249	1530.62733	1551.27736	1536.48307	1527.00151
2025-04-10T12:25:02Z	11224.00000	1554.03221	1543.99059	1530.67735	1550.80947	1535.50339	1526.38707
2025-04-10T12:25:03Z	11225.00000	1554.02141	1544.02636	1530.69209	1550.62711	1535.06662	1525.55920
2025-04-10T12:25:04Z	11226.00000	1554.02375	1544.02900	1530.69283	1550.63009	1535.06170	1525.56217
2025-04-10T12:25:05Z	11227.00000	1554.02463	1544.02997	1530.69297	1550.63154	1535.05908	1525.56357
2025-04-10T12:25:06Z	11228.00000	1554.02519	1544.03056	1530.69299	1550.63241	1535.05742	1525.56437
2025-04-10T12:25:07Z	11228.00000	1554.02552	1544.03107	1530.69298	1550.63306	1535.05616	1525.56493
2025-04-10T12:25:08Z	11229.00000	1554.02585	1544.03146	1530.69294	1550.64374	1535.14543	1526.06587	76.32034
2025-04-10T12:25:09Z	11230.00000	1553.93186	1543.79224	1530.55797	1552.87089	1540.20267	1528.90151
2025-04-10T12:25:09Z	11231.00000	1553.87166	1543.55392	1530.47383	1553.84092	1542.90418	1530.31016
2025-04-10T12:25:10Z	11232.00000	1553.82455	1543.39865	1530.42503	1553.97637	1543.31358	1530.50526
2025-04-10T12:25:11Z	11233.00000	1553.82209	1543.39279	1530.42332	1553.98027	1543.33355	1530.51186
2025-04-10T12:25:12Z	11234.00000	1553.82074	1543.38965	1530.42228	1553.98274	1543.34512	1530.51604
2025-04-10T12:25:13Z	11235.00000	1553.81971	1543.38735	1530.42148	1553.98461	1543.35334	1530.51915
2025-04-10T12:25:14Z	11236.00000	1553.81982	1543.38863	1530.42178	1553.45858	1541.98875	1529.79649
2025-04-10T12:25:15Z	11237.00000	1553.91240	1543.68840	1530.53113	1552.24272	1538.55390	1533.22060	763.95444
2025-04-10T12:25:16Z	11238.00000	1553.97729	1543.89284	1530.62235	1551.31754	1536.60379	1529.43009
2025-04-10T12:25:17Z	11239.00000	1554.02901	1543.98510	1530.67471	1550.86662	1535.68608	1526.18935
2025-04-10T12:25:18Z	11240.00000	1554.04143	1544.01225	1530.68924	1550.71597	1535.32850	1525.95804
2025-04-10T12:25:19Z	11241.00000	1554.04751	1544.03027	1530.69663	1550.60084	1535.03724	1525.73280
2025-04-10T12:25:20Z	11242.00000	1554.05008	1544.03797	1530.69979	1550.58264	1535.00386	1525.69714
2025-04-10T12:25:21Z	11243.00000	1554.05043	1544.03840	1530.69951	1550.58258	1535.00183	1525.69641
2025-04-10T12:25:22Z	11243.00000	1554.05071	1544.03874	1530.69940	1550.58270	1535.00042	1525.69621
2025-04-10T12:25:23Z	11244.00000	1554.05096	1544.03899	1530.69927	1550.66293	1535.21703	1526.75119	152.68959
2025-04-10T12:25:24Z	11245.00000	1553.92663	1543.78070	1530.55145	1552.91701	1540.31409	1528.95485
2025-04-10T12:25:24Z	11246.00000	1553.86640	1543.54072	1530.46770	1553.86579	1542.97775	1530.34775
2025-04-10T12:25:25Z	11247.00000	1553.82386	1543.39812	1530.42279	1553.97318	1543.30818	1530.50328
2025-04-10T12:25:26Z	11248.00000	1553.82152	1543.39257	1530.42118	1553.97705	1543.32757	1530.50949
2025-04-10T12:25:27Z	11249.00000	1553.82014	1543.38945	1530.42019	1553.97959	1543.33906	1530.51354
2025-04-10T12:25:28Z	11250.00000	1553.81916	1543.38722	1530.41943	1553.98145	1543.34709	1530.51648
2025-04-10T12:25:29Z	11251.00000	1553.82001	1543.39095	1530.42061	1553.42218	1541.88792	1529.73971
2025-04-10T12:25:30Z	11252.00000	1553.91532	1543.69820	1530.53232	1552.20969	1538.45478	1534.16565	916.71399
2025-04-10T12:25:31Z	11253.00000	1553.98007	1543.90016	1530.62272	1551.27425	1536.54010	1529.36271	458.02362
2025-04-10T12:25:32Z	11254.00000	1554.02653	1543.97854	1530.66728	1550.88917	1535.72549	1526.18534
2025-04-10T12:25:33Z	11255.00000	1554.04222	1544.01741	1530.68728	1550.70820	1535.24754	1525.83562
2025-04-10T12:25:34Z	11256.00000	1554.03945	1544.03327	1530.69282	1550.61583	1535.04905	1525.63662
2025-04-10T12:25:35Z	11257.00000	1554.04651	1544.03457	1530.69249	1550.61623	1535.04581	1525.63644
2025-04-10T12:25:36Z	11258.00000	1554.04711	1544.03517	1530.69253	1550.61676	1535.04386	1525.63657
2025-04-10T12:25:37Z	11258.00000	1554.04747	1544.03552	1530.69254	1550.61715	1535.04250	1525.63670
2025-04-10T12:25:38Z	11259.00000	1554.04775	1544.03585	1530.69250	1550.84100	1535.57308	1528.36259	381.76718
2025-04-10T12:25:39Z	11260.00000	1553.92331	1543.76693	1530.54364	1552.97882	1540.48044	1529.03853
2025-04-10T12:25:39Z	11261.00000	1553.86297	1543.52943	1530.46243	1553.89012	1543.04574	1530.38181
2025-04-10T12:25:40Z	11262.00000	1553.82326	1543.39773	1530.42125	1553.97139	1543.30422	1530.50107
2025-04-10T12:25:41Z	11263.00000	1553.82097	1543.39240	1530.41968	1553.97509	1543.32307	1530.50723
2025-04-10T12:25:42Z	11264.00000	1553.81964	1543.38938	1530.41870	1553.97758	1543.33441	1530.51129
2025-04-10T12:25:43Z	11265.00000	1553.81864	1543.38718	1530.41795	1553.97943	1543.34242	1530.51429
2025-04-10T12:25:44Z	11266.00000	1553.82229	1543.39996	1530.42222	1553.32192	1541.61356	1529.59733
2025-04-10T12:25:45Z	11267.00000	1553.91927	1543.71512	1530.53675	1552.13178	1538.21074	1535.51001	1145.82852
2025-04-10T12:25:46Z	11268.00000	1553.98257	1543.90740	1530.62571	1551.24227	1536.46785	1528.85774
2025-04-10T12:25:47Z	11269.00000	1554.02930	1543.98779	1530.66941	1550.84508	1535.60332	1526.08087
2025-04-10T12:25:48Z	11270.00000	1554.04379	1544.02515	1530.68726	1550.67923	1535.17065	1525.74148
2025-04-10T12:25:49Z	11271.00000	1554.02940	1544.03457	1530.69015	1550.63170	1535.06199	1525.62368
2025-04-10T12:25:50Z	11272.00000	1554.02448	1544.03484	1530.68981	1550.63229	1535.05931	1525.62339
2025-04-10T12:25:51Z	11273.00000	1554.02499	1544.03532	1530.68986	1550.63285	1535.05767	1525.62338
2025-04-10T12:25:52Z	11273.00000	1554.04013	1544.03564	1530.68984	1550.63322	1535.05641	1525.62341
2025-04-10T12:25:53Z	11274.00000	1554.04674	1544.03586	1530.68979	1550.90861	1535.68150	1528.92720	458.13017
2025-04-10T12:25:54Z	11275.00000	1553.92297	1543.76677	1530.54148	1552.97108	1540.46528	1529.03548
2025-04-10T12:25:54Z	11276.00000	1553.86267	1543.52948	1530.46044	1553.88890	1543.04443	1530.38130
2025-04-10T12:25:55Z	11277.00000	1553.82300	1543.39799	1530.41958	1553.96851	1543.29887	1530.49858
2025-04-10T12:25:56Z	11278.00000	1553.82066	1543.39260	1530.41801	1553.97225	1543.31808	1530.50481
2025-04-10T12:25:57Z	11279.00000	1553.81933	1543.38954	1530.41702	1553.97478	1543.32963	1530.50898
2025-04-10T12:25:58Z	11280.00000	1553.81838	1543.38735	1530.41632	1553.97667	1543.33784	1530.51217
2025-04-10T12:25:59Z	11281.00000	1553.81758	1543.38562	1530.41571	1553.55291	1542.23811	1529.92604
2025-04-10T12:26:00Z	11282.00000	1553.90589	1543.67249	1530.51859	1552.30148	1538.71135	1532.26156	611.17102
2025-04-10T12:26:01Z	11283.00000	1553.97142	1543.88457	1530.61004	1551.36778	1536.70749	1531.29732
2025-04-10T12:26:02Z	11284.00000	1554.02584	1543.98618	1530.66655	1550.87221	1535.65401	1526.12104
2025-04-10T12:26:03Z	11285.00000	1554.04383	1544.02501	1530.68568	1550.73614	1535.27542	1525.85327
2025-04-10T12:26:04Z	11286.00000	1554.04619	1544.03299	1530.68903	1550.69084	1535.14861	1525.74354
2025-04-10T12:26:05Z	11287.00000	1554.04685	1544.03506	1530.68995	1550.67733	1535.10783	1525.70107
2025-04-10T12:26:06Z	11288.00000	1554.04724	1544.03575	1530.69021	1550.67354	1535.09514	1525.68680
2025-04-10T12:26:07Z	11288.00000	1554.04766	1544.03624	1530.69032	1550.67204	1535.08840	1525.68082
2025-04-10T12:26:08Z	11289.00000	1554.04802	1544.03652	1530.69036	1550.67356	1535.16460	1526.15421	76.31191
2025-04-10T12:26:08Z	11290.00000	1553.93074	1543.79493	1530.55156	1552.85465	1540.13401	1528.85918
2025-04-10T12:26:09Z	11291.00000	1553.86845	1543.55289	1530.46596	1553.82330	1542.85909	1530.28724
2025-04-10T12:26:10Z	11292.00000	1553.82291	1543.39857	1530.41825	1553.96591	1543.29249	1530.49647
2025-04-10T12:26:11Z	11293.00000	1553.82046	1543.39283	1530.41661	1553.96990	1543.31294	1530.50302
2025-04-10T12:26:12Z	11294.00000	1553.81909	1543.38974	1530.41565	1553.97246	1543.32480	1530.50718
2025-04-10T12:26:13Z	11295.00000	1553.81815	1543.38754	1530.41490	1553.97438	1543.33312	1530.51024
2025-04-10T12:26:14Z	11296.00000	1553.81756	1543.38644	1530.41440	1553.51833	1542.14285	1529.87431
2025-04-10T12:26:15Z	11297.00000	1553.90750	1543.67740	1530.51827	1552.28374	1538.66457	1532.23921	611.16205
2025-04-10T12:26:16Z	11298.00000	1553.97440	1543.89108	1530.61190	1551.32288	1536.66693	1531.26723
2025-04-10T12:26:17Z	11299.00000	1554.02657	1543.98210	1530.66230	1550.91924	1535.76750	1526.20733
2025-04-10T12:26:18Z	11300.00000	1554.04301	1544.02055	1530.68268	1550.78326	1535.40598	1525.96206
2025-04-10T12:26:19Z	11301.00000	1554.04852	1544.03279	1530.68799	1550.72848	1535.26840	1525.87679
2025-04-10T12:26:20Z	11302.00000	1554.05072	1544.03778	1530.69011	1550.69541	1535.20513	1525.83690
2025-04-10T12:26:21Z	11303.00000	1554.05181	1544.04050	1530.69099	1550.67297	1535.16318	1525.81143
2025-04-10T12:26:22Z	11303.00000	1554.05267	1544.04235	1530.69189	1550.66271	1535.13287	1525.79936
2025-04-10T12:26:23Z	11304.00000	1554.05320	1544.04337	1530.69234	1550.70140	1535.28757	1526.76316	152.63797
2025-04-10T12:26:24Z	11305.00000	1553.92718	1543.78248	1530.54452	1552.91539	1540.30060	1528.94625
2025-04-10T12:26:24Z	11306.00000	1553.86439	1543.53932	1530.46030	1553.86219	1542.97182	1530.34523
2025-04-10T12:26:25Z	11307.00000	1553.82238	1543.39781	1530.41677	1553.96452	1543.29093	1530.49594
2025-04-10T12:26:26Z	11308.00000	1553.82009	1543.39244	1530.41522	1553.96836	1543.31045	1530.50230
2025-04-10T12:26:27Z	11309.00000	1553.81878	1543.38945	1530.41427	1553.97085	1543.32189	1530.50627
2025-04-10T12:26:28Z	11310.00000	1553.81784	1543.38728	1530.41355	1553.97272	1543.33009	1530.50929
2025-04-10T12:26:29Z	11311.00000	1553.81840	1543.39012	1530.41439	1553.42545	1541.89424	1529.74652
2025-04-10T12:26:30Z	11312.00000	1553.91264	1543.69716	1530.52442	1552.18179	1538.34997	1534.06777	916.67155
2025-04-10T12:26:31Z	11313.00000	1553.97806	1543.90164	1530.61715	1551.25750	1536.53775	1529.81762
2025-04-10T12:26:32Z	11314.00000	1554.02942	1543.99140	1530.66610	1550.89199	1535.68754	1526.15936
2025-04-10T12:26:33Z	11315.00000	1554.04415	1544.02318	1530.68294	1550.78924	1535.41895	1525.98973
2025-04-10T12:26:34Z	11316.00000	1554.04852	1544.03202	1530.68715	1550.74232	1535.31110	1525.92708
2025-04-10T12:26:35Z	11317.00000	1554.05021	1544.03479	1530.68833	1550.71343	1535.13212	1525.89439
2025-04-10T12:26:36Z	11318.00000	1554.05106	1544.03681	1530.68910	1550.68960	1535.08502	1525.86764
2025-04-10T12:26:37Z	11318.00000	1554.05188	1544.03880	1530.68991	1550.67770	1535.06066	1525.85488
2025-04-10T12:26:38Z	11319.00000	1554.05237	1544.03988	1530.69026	1550.79982	1535.36551	1527.40580	229.03959
2025-04-10T12:26:38Z	11320.00000	1553.92471	1543.77418	1530.53954	1552.95077	1540.34713	1529.00075
2025-04-10T12:26:39Z	11321.00000	1553.86167	1543.53071	1530.45630	1553.88011	1543.00883	1530.37309
2025-04-10T12:26:40Z	11322.00000	1553.82186	1543.39724	1530.41518	1553.96294	1543.27659	1530.49520
2025-04-10T12:26:41Z	11323.00000	1553.81969	1543.39209	1530.41367	1553.96661	1543.29590	1530.50121
2025-04-10T12:26:42Z	11324.00000	1553.81839	1543.38913	1530.41274	1553.96911	1543.30767	1530.50524
2025-04-10T12:26:43Z	11325.00000	1553.81746	1543.38698	1530.41199	1553.97091	1543.31597	1530.50821
2025-04-10T12:26:44Z	11326.00000	1553.81909	1543.39324	1530.41401	1553.38972	1541.77595	1529.70089
2025-04-10T12:26:45Z	11327.00000	1553.91407	1543.70315	1530.52578	1552.16651	1538.24251	1534.52963	993.07806
2025-04-10T12:26:46Z	11328.00000	1553.97754	1543.90222	1530.61668	1551.23154	1536.38287	1527.96976
2025-04-10T12:26:47Z	11329.00000	1554.02813	1543.99386	1530.66700	1550.85676	1535.46261	1526.09071
2025-04-10T12:26:48Z	11330.00000	1554.04376	1544.02363	1530.68258	1550.76932	1535.21507	1525.95170
2025-04-10T12:26:49Z	11331.00000	1554.04765	1544.03134	1530.68628	1550.73092	1535.11952	1525.89888
2025-04-10T12:26:50Z	11332.00000	1554.04926	1544.03500	1530.68783	1550.70787	1535.07136	1525.86796
2025-04-10T12:26:51Z	11332.00000	1554.05024	1544.03722	1530.68865	1550.69353	1535.03889	1525.84569
2025-04-10T12:26:52Z	11333.00000	1554.05085	1544.03869	1530.68908	1550.68340	1535.01519	1525.83021
2025-04-10T12:26:53Z	11334.00000	1554.05139	1544.03978	1530.68947	1550.67681	1534.99915	1525.81901
2025-04-10T12:26:53Z	11335.00000	1553.93162	1543.80056	1530.54945	1552.82358	1539.98696	1528.82437
2025-04-10T12:26:54Z	11336.00000	1553.86797	1543.55533	1530.46242	1553.80641	1542.79694	1530.26885
2025-04-10T12:26:55Z	11337.00000	1553.82199	1543.39795	1530.41395	1553.96016	1543.26756	1530.49264
2025-04-10T12:26:56Z	11338.00000	1553.81957	1543.39227	1530.41230	1553.96419	1543.28895	1530.49926
2025-04-10T12:26:57Z	11339.00000	1553.81828	1543.38922	1530.41134	1553.96676	1543.30120	1530.50334
2025-04-10T12:26:58Z	11340.00000	1553.81731	1543.38701	1530.41060	1553.96867	1543.30995	1530.50650
2025-04-10T12:26:59Z	11341.00000	1553.81653	1543.38528	1530.40998	1553.55110	1542.21245	1529.92870
2025-04-10T12:27:00Z	11342.00000	1553.90398	1543.67066	1530.51166	1552.29752	1538.63889	1532.76977	687.58121
2025-04-10T12:27:01Z	11343.00000	1553.97014	1543.88591	1530.60588	1551.30262	1536.51791	1529.85544
2025-04-10T12:27:02Z	11344.00000	1554.02175	1543.99089	1530.66377	1550.86260	1535.45555	1526.09858
2025-04-10T12:27:03Z	11345.00000	1554.04315	1544.02313	1530.68107	1550.77703	1535.22797	1525.97481
2025-04-10T12:27:04Z	11346.00000	1554.04712	1544.03036	1530.68479	1550.73821	1535.13917	1525.92902
2025-04-10T12:27:05Z	11347.00000	1554.04882	1544.03398	1530.68636	1550.71505	1535.09329	1525.90224
2025-04-10T12:27:06Z	11348.00000	1554.04951	1544.03582	1530.68668	1550.69342	1535.05590	1525.87889
2025-04-10T12:27:07Z	11348.00000	1554.05025	1544.03759	1530.68734	1550.68183	1535.03268	1525.86631
2025-04-10T12:27:08Z	11349.00000	1554.05066	1544.03860	1530.68778	1550.68915	1535.10892	1526.31908	76.31214
2025-04-10T12:27:08Z	11350.00000	1553.92753	1543.78686	1530.54338	1552.88639	1540.14961	1528.90999
2025-04-10T12:27:09Z	11351.00000	1553.86504	1543.54444	1530.45801	1553.83509	1542.87816	1530.31043
2025-04-10T12:27:10Z	11352.00000	1553.82146	1543.39735	1530.41254	1553.95928	1543.26555	1530.49202
2025-04-10T12:27:11Z	11353.00000	1553.81919	1543.39198	1530.41099	1553.96324	1543.28630	1530.49849
2025-04-10T12:27:12Z	11354.00000	1553.81791	1543.38900	1530.41009	1553.96581	1543.29856	1530.50257
2025-04-10T12:27:13Z	11355.00000	1553.81702	1543.38687	1530.40939	1553.96775	1543.30723	1530.50570
2025-04-10T12:27:14Z	11356.00000	1553.81668	1543.38667	1530.40919	1553.48584	1542.03193	1529.83581
2025-04-10T12:27:15Z	11357.00000	1553.90709	1543.68114	1530.51406	1552.25365	1538.46687	1533.68127	840.35121
2025-04-10T12:27:16Z	11358.00000	1553.97211	1543.89228	1530.60730	1551.27698	1536.44771	1529.34376
2025-04-10T12:27:17Z	11359.00000	1554.02530	1543.99282	1530.66372	1550.87627	1535.48868	1526.13062
2025-04-10T12:27:18Z	11360.00000	1554.04370	1544.02327	1530.67991	1550.79232	1535.23376	1526.00776
2025-04-10T12:27:19Z	11361.00000	1554.04761	1544.02976	1530.68343	1550.75668	1535.15128	1525.96475
2025-04-10T12:27:20Z	11362.00000	1554.04915	1544.03300	1530.68478	1550.73531	1535.10515	1525.93945
2025-04-10T12:27:21Z	11363.00000	1554.04991	1544.03480	1530.68539	1550.72080	1535.07538	1525.92290
2025-04-10T12:27:22Z	11363.00000	1554.05050	1544.03588	1530.68592	1550.71324	1535.05556	1525.91392
2025-04-10T12:27:23Z	11364.00000	1554.05088	1544.03662	1530.68620	1550.90506	1535.52545	1528.49578	381.74975
2025-04-10T12:27:24Z	11365.00000	1553.92034	1543.76153	1530.53195	1552.99361	1540.44015	1529.07201
2025-04-10T12:27:24Z	11366.00000	1553.85798	1543.51940	1530.44936	1553.89758	1543.05564	1530.40192
2025-04-10T12:27:25Z	11367.00000	1553.82087	1543.39632	1530.41132	1553.95851	1543.26224	1530.49207
2025-04-10T12:27:26Z	11368.00000	1553.81884	1543.39154	1530.40994	1553.96218	1543.28167	1530.49814
2025-04-10T12:27:27Z	11369.00000	1553.81762	1543.38869	1530.40907	1553.96467	1543.29343	1530.50203
2025-04-10T12:27:28Z	11370.00000	1553.81673	1543.38669	1530.40840	1553.96645	1543.30165	1530.50485
2025-04-10T12:27:29Z	11371.00000	1553.81834	1543.39276	1530.41034	1553.38938	1541.76288	1529.70434
2025-04-10T12:27:30Z	11372.00000	1553.91247	1543.70027	1530.52095	1552.16651	1538.15165	1534.98742	1069.47386
2025-04-10T12:27:31Z	11373.00000	1553.97574	1543.90140	1530.61200	1551.22633	1536.30541	1528.38657
2025-04-10T12:27:32Z	11374.00000	1554.03046	1543.99541	1530.66526	1550.87215	1535.44135	1526.14352
2025-04-10T12:27:33Z	11375.00000	1554.04383	1544.02290	1530.67951	1550.78818	1535.22202	1526.02198
2025-04-10T12:27:34Z	11376.00000	1554.04729	1544.02971	1530.68275	1550.74687	1535.12789	1525.97294
2025-04-10T12:27:35Z	11377.00000	1554.04893	1544.03325	1530.68439	1550.72912	1535.08950	1525.95038
2025-04-10T12:27:36Z	11378.00000	1554.04975	1544.03493	1530.68501	1550.71635	1535.06378	1525.93528
2025-04-10T12:27:37Z	11379.00000	1554.05014	1544.03595	1530.68529	1550.70576	1535.04401	1525.92336
2025-04-10T12:27:38Z	11379.00000	1554.05052	1544.03683	1530.68558	1551.05856	1535.82047	1529.71835	534.55479
2025-04-10T12:27:39Z	11380.00000	1553.91710	1543.75215	1530.52746	1553.02856	1540.54223	1529.13272
2025-04-10T12:27:40Z	11381.00000	1553.85537	1543.51122	1530.44579	1553.91261	1543.10083	1530.42452
2025-04-10T12:27:40Z	11382.00000	1553.82061	1543.39612	1530.41030	1553.95758	1543.26083	1530.49159
2025-04-10T12:27:41Z	11383.00000	1553.81863	1543.39142	1530.40893	1553.96120	1543.27975	1530.49748
2025-04-10T12:27:42Z	11384.00000	1553.81747	1543.38866	1530.40808	1553.96362	1543.29124	1530.50124
2025-04-10T12:27:43Z	11385.00000	1553.81657	1543.38666	1530.40741	1553.96549	1543.29964	1530.50430
2025-04-10T12:27:44Z	11386.00000	1553.82265	1543.40707	1530.41441	1553.26729	1541.42036	1529.53506
2025-04-10T12:27:45Z	11387.00000	1553.91913	1543.72522	1530.53027	1552.06887	1537.93523	1536.79182	1374.99824
2025-04-10T12:27:46Z	11388.00000	1553.97979	1543.91460	1530.61793	1551.16750	1536.16421	1527.43576
2025-04-10T12:27:47Z	11389.00000	1554.03231	1544.00122	1530.66717	1550.84668	1535.38651	1526.12629
2025-04-10T12:27:48Z	11390.00000	1554.04374	1544.02475	1530.67925	1550.75579	1535.18108	1526.01331
2025-04-10T12:27:49Z	11391.00000	1554.04671	1544.03130	1530.68237	1550.70766	1535.08288	1525.95867
2025-04-10T12:27:50Z	11392.00000	1554.04804	1544.03473	1530.68376	1550.68307	1535.03437	1525.93343
2025-04-10T12:27:51Z	11393.00000	1554.04874	1544.03654	1530.68458	1550.66167	1534.99966	1525.91296
2025-04-10T12:27:52Z	11394.00000	1554.04926	1544.03811	1530.68535	1550.64635	1534.96928	1525.89889
2025-04-10T12:27:53Z	11394.00000	1554.04974	1544.03899	1530.68584	1550.84348	1535.46203	1528.00871	305.43350
2025-04-10T12:27:54Z	11395.00000	1553.92190	1543.77000	1530.53417	1552.93695	1540.28351	1529.00825
2025-04-10T12:27:55Z	11396.00000	1553.86011	1543.52934	1530.45043	1553.87355	1542.98794	1530.37038
2025-04-10T12:27:55Z	11397.00000	1553.82080	1543.39695	1530.40975	1553.95545	1543.25516	1530.48984
2025-04-10T12:27:56Z	11398.00000	1553.81868	1543.39195	1530.40829	1553.95927	1543.27522	1530.49602
2025-04-10T12:27:57Z	11399.00000	1553.81745	1543.38908	1530.40740	1553.96181	1543.28724	1530.49996
2025-04-10T12:27:58Z	11400.00000	1553.81654	1543.38701	1530.40673	1553.96375	1543.29590	1530.50305
2025-04-10T12:27:59Z	11401.00000	1553.81813	1543.39304	1530.40868	1553.38769	1541.75734	1529.70745
2025-04-10T12:28:00Z	11402.00000	1553.91107	1543.69964	1530.51899	1552.15717	1538.14951	1534.47885	993.09029
2025-04-10T12:28:01Z	11403.00000	1553.97301	1543.90013	1530.60953	1551.22808	1536.30123	1528.83980
2025-04-10T12:28:02Z	11404.00000	1554.02790	1543.99896	1530.66466	1550.82934	1535.38081	1526.13712
2025-04-10T12:28:03Z	11405.00000	1554.04230	1544.02660	1530.67888	1550.72380	1535.12373	1525.99330
2025-04-10T12:28:04Z	11406.00000	1554.04594	1544.03438	1530.68249	1550.67409	1535.02682	1525.93749
2025-04-10T12:28:05Z	11407.00000	1554.04779	1544.03805	1530.68478	1550.65978	1534.99005	1525.91831
2025-04-10T12:28:06Z	11408.00000	1554.04877	1544.03979	1530.68586	1550.65145	1534.96017	1525.90598
2025-04-10T12:28:07Z	11409.00000	1554.04938	1544.04089	1530.68638	1550.64515	1534.94423	1525.89601
2025-04-10T12:28:08Z	11409.00000	1554.04977	1544.04171	1530.68672	1550.93072	1535.54740	1529.07963	458.15145
2025-04-10T12:28:09Z	11410.00000	1553.91889	1543.75887	1530.52955	1552.98641	1540.42868	1529.08745
2025-04-10T12:28:10Z	11411.00000	1553.85810	1543.52297	1530.44785	1553.88620	1543.02499	1530.38938
2025-04-10T12:28:10Z	11412.00000	1553.82056	1543.39678	1530.40895	1553.95464	1543.25337	1530.48935
2025-04-10T12:28:11Z	11413.00000	1553.81849	1543.39193	1530.40753	1553.95833	1543.27301	1530.49537
2025-04-10T12:28:12Z	11414.00000	1553.81728	1543.38910	1530.40669	1553.96089	1543.28501	1530.49932
2025-04-10T12:28:13Z	11415.00000	1553.81636	1543.38702	1530.40602	1553.96284	1543.29356	1530.50234
2025-04-10T12:28:14Z	11416.00000	1553.81963	1543.39865	1530.40989	1553.32552	1541.58652	1529.62362
2025-04-10T12:28:15Z	11417.00000	1553.91439	1543.71529	1530.52486	1552.09051	1537.96352	1536.36598	1298.64854
2025-04-10T12:28:16Z	11418.00000	1553.97661	1543.91122	1530.61428	1551.16419	1536.17373	1527.89544
2025-04-10T12:28:17Z	11419.00000	1554.03106	1544.00399	1530.66623	1550.80924	1535.34721	1526.14208
2025-04-10T12:28:18Z	11420.00000	1554.04251	1544.02789	1530.67875	1550.71704	1535.13581	1526.03353
2025-04-10T12:28:19Z	11421.00000	1554.04573	1544.03430	1530.68227	1550.67321	1535.05184	1525.98301
2025-04-10T12:28:20Z	11422.00000	1554.04681	1544.03730	1530.68351	1550.64550	1535.00506	1525.95708
2025-04-10T12:28:21Z	11423.00000	1554.04734	1544.03822	1530.68380	1550.63424	1534.98496	1525.94845
2025-04-10T12:28:22Z	11424.00000	1554.04785	1544.03893	1530.68423	1550.62988	1534.97565	1525.94533
2025-04-10T12:28:23Z	11424.00000	1554.04812	1544.03920	1530.68432	1551.00623	1535.76560	1529.72452	534.55649
2025-04-10T12:28:24Z	11425.00000	1553.91556	1543.75184	1530.52640	1553.01149	1540.49924	1529.12305
2025-04-10T12:28:25Z	11426.00000	1553.85557	1543.51482	1530.44483	1553.89987	1543.06546	1530.40983
2025-04-10T12:28:25Z	11427.00000	1553.82023	1543.39649	1530.40811	1553.95385	1543.25154	1530.48892
2025-04-10T12:28:26Z	11428.00000	1553.81819	1543.39176	1530.40672	1553.95756	1543.27099	1530.49487
2025-04-10T12:28:27Z	11429.00000	1553.81705	1543.38903	1530.40589	1553.96008	1543.28287	1530.49876
2025-04-10T12:28:28Z	11430.00000	1553.81618	1543.38701	1530.40524	1553.96199	1543.29134	1530.50170
2025-04-10T12:28:29Z	11431.00000	1553.82049	1543.40191	1530.41031	1553.29490	1541.50296	1529.58462
2025-04-10T12:28:30Z	11432.00000	1553.91387	1543.71570	1530.52461	1552.09471	1537.97645	1535.90297	1222.27838
2025-04-10T12:28:31Z	11433.00000	1553.97552	1543.91045	1530.61355	1551.15726	1536.17250	1527.46355
2025-04-10T12:28:32Z	11434.00000	1554.03005	1544.00434	1530.66545	1550.78081	1535.33368	1526.15885
2025-04-10T12:28:33Z	11435.00000	1554.04109	1544.02670	1530.67781	1550.70205	1535.14221	1526.05912
2025-04-10T12:28:34Z	11436.00000	1554.04425	1544.03291	1530.68131	1550.67016	1535.07337	1526.02396
2025-04-10T12:28:35Z	11437.00000	1554.04552	1544.03521	1530.68242	1550.65364	1535.04035	1526.00580
2025-04-10T12:28:36Z	11438.00000	1554.04619	1544.03642	1530.68288	1550.64487	1535.02162	1525.99583
2025-04-10T12:28:37Z	11439.00000	1554.04664	1544.03708	1530.68313	1550.63975	1535.01028	1525.99012
2025-04-10T12:28:38Z	11439.00000	1554.04687	1544.03748	1530.68325	1551.14741	1536.04710	1530.91868	687.33232
2025-04-10T12:28:39Z	11440.00000	1553.91016	1543.73348	1530.51873	1553.08614	1540.70164	1529.22560
2025-04-10T12:28:39Z	11441.00000	1553.85176	1543.50146	1530.44022	1553.91884	1543.12198	1530.43729
2025-04-10T12:28:40Z	11442.00000	1553.81991	1543.39626	1530.40748	1553.95324	1543.25046	1530.48861
2025-04-10T12:28:41Z	11443.00000	1553.81801	1543.39174	1530.40615	1553.95689	1543.26930	1530.49450
2025-04-10T12:28:42Z	11444.00000	1553.81686	1543.38902	1530.40531	1553.95937	1543.28100	1530.49834
2025-04-10T12:28:43Z	11445.00000	1553.81601	1543.38702	1530.40464	1553.96129	1543.28937	1530.50122
2025-04-10T12:28:44Z	11446.00000	1553.81580	1543.38713	1530.40459	1553.47990	1542.01147	1529.83930
2025-04-10T12:28:45Z	11447.00000	1553.90312	1543.67852	1530.50843	1552.24035	1538.43479	1533.16285	763.97532
2025-04-10T12:28:46Z	11448.00000	1553.96961	1543.89334	1530.60340	1551.24573	1536.36404	1529.33435
2025-04-10T12:28:47Z	11449.00000	1554.02135	1543.99849	1530.66079	1550.79972	1535.37077	1526.16912
2025-04-10T12:28:48Z	11450.00000	1554.04115	1544.02772	1530.67716	1550.70677	1535.12683	1526.03689
2025-04-10T12:28:49Z	11451.00000	1554.04555	1544.03609	1530.68186	1550.67482	1535.04697	1525.99013
2025-04-10T12:28:50Z	11452.00000	1554.04730	1544.03961	1530.68382	1550.65707	1535.00453	1525.96397
2025-04-10T12:28:51Z	11453.00000	1554.04833	1544.04160	1530.68485	1550.64622	1534.97898	1525.94981
2025-04-10T12:28:52Z	11453.00000	1554.04900	1544.04280	1530.68551	1550.63933	1534.95437	1525.94105
2025-04-10T12:28:53Z	11454.00000	1554.04944	1544.04361	1530.68593	1550.73851	1535.25038	1527.41751	229.01857
2025-04-10T12:28:54Z	11455.00000	1553.92044	1543.77611	1530.53330	1552.92628	1540.24266	1528.99214
2025-04-10T12:28:54Z	11456.00000	1553.86018	1543.53338	1530.44911	1553.85826	1542.94645	1530.35220
2025-04-10T12:28:55Z	11457.00000	1553.82012	1543.39717	1530.40711	1553.95120	1543.24455	1530.48695
2025-04-10T12:28:56Z	11458.00000	1553.81803	1543.39224	1530.40569	1553.95505	1543.26502	1530.49302
2025-04-10T12:28:57Z	11459.00000	1553.81683	1543.38940	1530.40482	1553.95765	1543.27730	1530.49714
2025-04-10T12:28:58Z	11460.00000	1553.81598	1543.38741	1530.40419	1553.95958	1543.28598	1530.50012
2025-04-10T12:28:59Z	11461.00000	1553.81530	1543.38586	1530.40366	1553.96112	1543.29259	1530.50240
2025-04-10T12:29:00Z	11462.00000	1553.81473	1543.38453	1530.40320	1553.96239	1543.29799	1530.50438
2025-04-10T12:29:01Z	11463.00000	1553.81425	1543.38346	1530.40283	1553.96339	1543.30232	1530.50594
2025-04-10T12:29:02Z	11464.00000	1553.81381	1543.38250	1530.40246	1553.96424	1543.30603	1530.50735
2025-04-10T12:29:03Z	11465.00000	1553.81341	1543.38165	1530.40214	1553.96502	1543.30937	1530.50867
