Timestamp	Time [s]	WL 1[nm]	WL 2[nm]	WL 3[nm]	WL 4[nm]	WL 5[nm]	WL 6[nm]	WL 7[nm]	WL 8[nm]	
2025-04-10T12:15:54Z	10676.00000	1553.79662	1543.34206	1530.38847	1553.97283	1543.48309	1530.54346
2025-04-10T12:15:55Z	10677.00000	1553.79656	1543.34197	1530.38846	1553.97283	1543.48313	1530.54345
2025-04-10T12:15:56Z	10678.00000	1553.79651	1543.34190	1530.38844	1553.97283	1543.48320	1530.54348
2025-04-10T12:15:57Z	10679.00000	1553.79645	1543.34182	1530.38844	1553.97287	1543.48326	1530.54351
2025-04-10T12:15:58Z	10680.00000	1553.79641	1543.34175	1530.38842	1553.97290	1543.48334	1530.54356
2025-04-10T12:15:59Z	10681.00000	1553.79637	1543.34167	1530.38840	1553.97293	1543.48340	1530.54363
2025-04-10T12:16:00Z	10682.00000	1553.79635	1543.34157	1530.38839	1553.97297	1543.48354	1530.54380
2025-04-10T12:16:01Z	10682.00000	1553.79630	1543.34149	1530.38837	1553.97301	1543.48361	1530.54379
2025-04-10T12:16:02Z	10683.00000	1553.79625	1543.34141	1530.38834	1553.97301	1543.48371	1530.54384
2025-04-10T12:16:02Z	10684.00000	1553.81489	1543.40352	1530.41856	1552.72029	1541.18963	1529.33491
2025-04-10T12:16:03Z	10685.00000	1553.89768	1543.69799	1530.56352	1551.02621	1538.14412	1527.69922
2025-04-10T12:16:04Z	10686.00000	1553.95892	1543.88037	1530.67307	1549.89122	1536.26387	1526.74006
2025-04-10T12:16:05Z	10687.00000	1553.96908	1543.91728	1530.69229	1549.89750	1536.26155	1532.52123	916.04482
2025-04-10T12:16:06Z	10688.00000	1553.96923	1543.91652	1530.69181	1549.90198	1536.26280	1536.37827	1526.74148
2025-04-10T12:16:07Z	10689.00000	1553.96983	1543.91852	1530.69250	1549.90318	1536.26162	1536.37709	1526.74182
2025-04-10T12:16:08Z	10690.00000	1553.97022	1543.92004	1530.69305	1549.90416	1536.26055	1536.37602	1526.74218
2025-04-10T12:16:09Z	10691.00000	1553.97063	1543.92125	1530.69351	1549.90501	1536.25984	1536.37544	1526.74254
2025-04-10T12:16:10Z	10692.00000	1553.97095	1543.92233	1530.69387	1549.90574	1536.25911	1536.37458	1526.74292
2025-04-10T12:16:11Z	10693.00000	1553.97129	1543.92321	1530.69422	1551.30072	1538.41557	1528.23938
2025-04-10T12:16:12Z	10694.00000	1553.88744	1543.66348	1530.53159	1552.98313	1541.45171	1529.46331
2025-04-10T12:16:13Z	10695.00000	1553.82911	1543.44305	1530.43056	1553.94146	1543.37997	1530.50756
2025-04-10T12:16:14Z	10696.00000	1553.80499	1543.36381	1530.39684	1553.95208	1543.41352	1530.51967
2025-04-10T12:16:15Z	10696.00000	1553.80360	1543.36013	1530.39553	1553.95577	1543.42430	1530.52373
2025-04-10T12:16:16Z	10697.00000	1553.80277	1543.35794	1530.39471	1553.95821	1543.43115	1530.52632
2025-04-10T12:16:17Z	10698.00000	1553.80209	1543.35624	1530.39408	1553.96007	1543.43615	1530.52843
2025-04-10T12:16:17Z	10699.00000	1553.82955	1543.44562	1530.43391	1552.65310	1540.89575	1529.12346
2025-04-10T12:16:18Z	10700.00000	1553.91477	1543.72985	1530.57343	1550.91070	1537.80062	1527.50432
2025-04-10T12:16:19Z	10701.00000	1553.97001	1543.91487	1530.68827	1549.93756	1536.24423	1536.36284	1526.74779
2025-04-10T12:16:20Z	10702.00000	1553.97393	1543.93069	1530.69609	1549.94663	1536.22754	1536.29376	1526.75098
2025-04-10T12:16:21Z	10703.00000	1553.97419	1543.92947	1530.69565	1549.94730	1536.22323	1536.26841	1526.75086
2025-04-10T12:16:22Z	10704.00000	1553.97444	1543.93031	1530.69590	1549.94781	1536.22238	1536.27992	1526.75083
2025-04-10T12:16:23Z	10705.00000	1553.97469	1543.93104	1530.69613	1549.94823	1536.22178	1536.28295	1526.75081
2025-04-10T12:16:24Z	10706.00000	1553.97488	1543.93163	1530.69632	1549.94859	1536.22142	1536.29923	1526.75082
2025-04-10T12:16:25Z	10707.00000	1553.97504	1543.93214	1530.69650	1549.94893	1536.22118	1536.27201	1526.75085
2025-04-10T12:16:26Z	10708.00000	1553.97522	1543.93259	1530.69666	1551.47198	1538.63177	1527.86663
2025-04-10T12:16:27Z	10709.00000	1553.88618	1543.65771	1530.52802	1553.03503	1541.53409	1529.51457
2025-04-10T12:16:28Z	10710.00000	1553.82759	1543.43664	1530.42771	1553.94027	1543.37041	1530.50694
2025-04-10T12:16:29Z	10711.00000	1553.80634	1543.36741	1530.39841	1553.94724	1543.39679	1530.51527
2025-04-10T12:16:30Z	10711.00000	1553.80494	1543.36370	1530.39705	1553.95110	1543.40808	1530.51946
2025-04-10T12:16:31Z	10712.00000	1553.80404	1543.36140	1530.39619	1553.95375	1543.41537	1530.52227
2025-04-10T12:16:32Z	10713.00000	1553.80333	1543.35965	1530.39554	1553.95576	1543.42077	1530.52451
2025-04-10T12:16:32Z	10714.00000	1553.83675	1543.46840	1530.44370	1552.56039	1540.68618	1529.01922
2025-04-10T12:16:33Z	10715.00000	1553.92224	1543.74868	1530.58173	1550.90175	1537.61091	1529.92140
2025-04-10T12:16:34Z	10716.00000	1553.97556	1543.92035	1530.68466	1550.22751	1536.40092	1536.25397	1526.48076
2025-04-10T12:16:35Z	10717.00000	1553.97785	1543.92455	1530.68701	1550.22743	1536.40282	1536.24187	1526.47845
2025-04-10T12:16:36Z	10718.00000	1553.97828	1543.92512	1530.68711	1550.22795	1536.40235	1536.24450	1526.47800
2025-04-10T12:16:37Z	10719.00000	1553.97872	1543.92564	1530.68723	1550.22845	1536.40091	1536.24255	1526.47779
2025-04-10T12:16:38Z	10720.00000	1553.97899	1543.92607	1530.68733	1550.22890	1536.40101	1536.24086	1526.47767
2025-04-10T12:16:39Z	10721.00000	1553.97926	1543.92647	1530.68742	1550.22924	1536.40149	1536.23984	1526.47759
2025-04-10T12:16:40Z	10722.00000	1553.97946	1543.92676	1530.68752	1550.22958	1536.40046	1536.23882	1526.47753
2025-04-10T12:16:41Z	10723.00000	1553.97965	1543.92706	1530.68758	1551.31188	1538.22912	1529.57630
2025-04-10T12:16:42Z	10724.00000	1553.89121	1543.67638	1530.53388	1552.94780	1541.30395	1529.37037
2025-04-10T12:16:43Z	10725.00000	1553.83635	1543.46198	1530.43753	1553.92415	1543.32476	1530.48610
2025-04-10T12:16:44Z	10726.00000	1553.80748	1543.37040	1530.39914	1553.94524	1543.38374	1530.51105
2025-04-10T12:16:45Z	10726.00000	1553.80592	1543.36638	1530.39773	1553.94917	1543.39596	1530.51564
2025-04-10T12:16:46Z	10727.00000	1553.80494	1543.36399	1530.39685	1553.95177	1543.40363	1530.51865
2025-04-10T12:16:47Z	10728.00000	1553.80419	1543.36217	1530.39614	1553.95376	1543.40934	1530.52107
2025-04-10T12:16:47Z	10729.00000	1553.82617	1543.43207	1530.42698	1552.77907	1541.06768	1529.20421
2025-04-10T12:16:48Z	10730.00000	1553.91548	1543.72081	1530.56103	1551.21601	1537.99495	1531.09286
2025-04-10T12:16:49Z	10731.00000	1553.97510	1543.90165	1530.66796	1550.29125	1536.43853	1535.95120
2025-04-10T12:16:50Z	10732.00000	1553.98019	1543.91583	1530.67703	1550.28991	1536.43890	1526.41453
2025-04-10T12:16:51Z	10733.00000	1553.98063	1543.91641	1530.67701	1550.28999	1536.43958	1526.41383
2025-04-10T12:16:52Z	10734.00000	1553.98100	1543.91693	1530.67708	1550.29020	1536.44178	1526.41357
2025-04-10T12:16:53Z	10735.00000	1553.98132	1543.91732	1530.67714	1550.29035	1536.44013	1526.41344
2025-04-10T12:16:54Z	10736.00000	1553.98153	1543.91761	1530.67720	1550.29054	1536.44107	1526.41330
2025-04-10T12:16:55Z	10737.00000	1553.98173	1543.91790	1530.67725	1550.29069	1536.44209	1526.41327
2025-04-10T12:16:56Z	10738.00000	1553.98191	1543.91811	1530.67730	1551.43480	1538.34365	1529.09062
2025-04-10T12:16:57Z	10739.00000	1553.89206	1543.66998	1530.52788	1552.98158	1541.32555	1529.35247
2025-04-10T12:16:58Z	10740.00000	1553.83600	1543.45908	1530.43461	1553.92568	1543.32214	1530.48514
2025-04-10T12:16:59Z	10741.00000	1553.80818	1543.37169	1530.39916	1553.94410	1543.37659	1530.50822
2025-04-10T12:17:00Z	10741.00000	1553.80656	1543.36768	1530.39777	1553.94785	1543.38882	1530.51294
2025-04-10T12:17:01Z	10742.00000	1553.80558	1543.36524	1530.39689	1553.95051	1543.39678	1530.51612
2025-04-10T12:17:01Z	10743.00000	1553.80482	1543.36348	1530.39620	1553.95250	1543.40256	1530.51861
2025-04-10T12:17:02Z	10744.00000	1553.82610	1543.42932	1530.42429	1552.82240	1541.10792	1529.17643
2025-04-10T12:17:03Z	10745.00000	1553.91903	1543.72302	1530.55952	1551.28252	1538.02468	1532.12804
2025-04-10T12:17:04Z	10746.00000	1553.97836	1543.90222	1530.66522	1550.42644	1536.46540	1536.42689	1526.27728
2025-04-10T12:17:05Z	10747.00000	1553.98273	1543.91517	1530.67301	1550.42529	1536.46759	1536.42395	1526.27504
2025-04-10T12:17:06Z	10748.00000	1553.98328	1543.91581	1530.67311	1550.42534	1536.46865	1536.42164	1526.27468
2025-04-10T12:17:07Z	10749.00000	1553.98372	1543.91630	1530.67320	1550.42549	1536.46932	1536.42031	1526.27449
2025-04-10T12:17:08Z	10750.00000	1553.98405	1543.91665	1530.67325	1550.42558	1536.46971	1536.41903	1526.27437
2025-04-10T12:17:09Z	10751.00000	1553.98428	1543.91696	1530.67331	1550.42569	1536.47010	1536.41818	1526.27426
2025-04-10T12:17:10Z	10752.00000	1553.98448	1543.91719	1530.67335	1550.42581	1536.47039	1536.41730	1526.27419
2025-04-10T12:17:11Z	10753.00000	1553.98465	1543.91739	1530.67340	1551.48272	1538.32620	1530.04424
2025-04-10T12:17:12Z	10754.00000	1553.89368	1543.67427	1530.52596	1552.98257	1541.27888	1529.29183
2025-04-10T12:17:13Z	10755.00000	1553.83797	1543.46058	1530.43418	1553.92533	1543.31654	1530.48223
2025-04-10T12:17:14Z	10756.00000	1553.80873	1543.37256	1530.39904	1553.94351	1543.37164	1530.50575
2025-04-10T12:17:15Z	10756.00000	1553.80713	1543.36861	1530.39773	1553.94724	1543.38406	1530.51068
2025-04-10T12:17:16Z	10757.00000	1553.80613	1543.36626	1530.39691	1553.94973	1543.39174	1530.51378
2025-04-10T12:17:16Z	10758.00000	1553.80538	1543.36453	1530.39626	1553.95169	1543.39757	1530.51631
2025-04-10T12:17:17Z	10759.00000	1553.82944	1543.43825	1530.42731	1552.81018	1541.05376	1529.12502
2025-04-10T12:17:18Z	10760.00000	1553.92249	1543.72670	1530.55880	1551.29494	1538.01645	1532.03660	687.22548
2025-04-10T12:17:19Z	10761.00000	1553.98120	1543.89849	1530.66223	1550.45862	1536.59990	1536.40756	1526.24998
2025-04-10T12:17:20Z	10762.00000	1553.98500	1543.91232	1530.67056	1550.45703	1536.59899	1536.40263	1526.24772
2025-04-10T12:17:21Z	10763.00000	1553.98560	1543.91299	1530.67056	1550.45678	1536.59858	1536.39971	1526.24731
2025-04-10T12:17:22Z	10764.00000	1553.98604	1543.91356	1530.67063	1550.45678	1536.59827	1536.39828	1526.24712
2025-04-10T12:17:23Z	10765.00000	1553.98637	1543.91396	1530.67069	1550.45685	1536.59800	1536.39706	1526.24698
2025-04-10T12:17:24Z	10766.00000	1553.98659	1543.91427	1530.67074	1550.45689	1536.54832	1536.39599	1526.24688
2025-04-10T12:17:25Z	10767.00000	1553.98681	1543.91453	1530.67080	1550.45694	1536.49367	1536.39523	1526.24687
2025-04-10T12:17:26Z	10768.00000	1553.98699	1543.91478	1530.67084	1551.25626	1537.88668	1531.79894
2025-04-10T12:17:27Z	10769.00000	1553.90145	1543.69003	1530.53065	1552.91060	1541.11783	1529.18669
2025-04-10T12:17:28Z	10769.00000	1553.84435	1543.47971	1530.44090	1553.89817	1543.25264	1530.44700
2025-04-10T12:17:29Z	10770.00000	1553.80956	1543.37404	1530.39924	1553.94208	1543.36640	1530.50356
2025-04-10T12:17:30Z	10771.00000	1553.80780	1543.36979	1530.39782	1553.94588	1543.37940	1530.50866
2025-04-10T12:17:30Z	10772.00000	1553.80675	1543.36728	1530.39691	1553.94844	1543.38750	1530.51200
2025-04-10T12:17:31Z	10773.00000	1553.80594	1543.36549	1530.39624	1553.95041	1543.39345	1530.51462
2025-04-10T12:17:32Z	10774.00000	1553.81305	1543.38719	1530.40550	1553.11688	1541.67586	1529.48317
2025-04-10T12:17:33Z	10775.00000	1553.90850	1543.68122	1530.53491	1551.64796	1538.58099	1530.32427	381.83941
2025-04-10T12:17:34Z	10776.00000	1553.97264	1543.86562	1530.63830	1550.50641	1536.62940	1534.38372	1220.98744
2025-04-10T12:17:35Z	10777.00000	1553.98832	1543.91406	1530.66872	1550.49119	1536.61400	1526.20661
2025-04-10T12:17:36Z	10778.00000	1553.98882	1543.91475	1530.66853	1550.49100	1536.61395	1526.20583
2025-04-10T12:17:37Z	10779.00000	1553.98924	1543.91536	1530.66852	1550.49100	1536.61377	1526.20559
2025-04-10T12:17:38Z	10780.00000	1553.98953	1543.91573	1530.66857	1550.49104	1536.61358	1526.20548
2025-04-10T12:17:39Z	10781.00000	1553.98979	1543.91600	1530.66859	1550.49120	1536.61345	1526.20528
2025-04-10T12:17:40Z	10782.00000	1553.98999	1543.91625	1530.66862	1550.49130	1536.61330	1526.20522
2025-04-10T12:17:41Z	10783.00000	1553.99015	1543.91648	1530.66867	1550.88487	1537.29277	1528.80562
2025-04-10T12:17:42Z	10783.00000	1553.90880	1543.70816	1530.53650	1552.80485	1540.87152	1529.00516
2025-04-10T12:17:43Z	10784.00000	1553.85167	1543.50229	1530.44832	1553.84513	1543.13050	1530.37415
2025-04-10T12:17:44Z	10785.00000	1553.81019	1543.37521	1530.39919	1553.94170	1543.36237	1530.50118
2025-04-10T12:17:44Z	10786.00000	1553.80825	1543.37064	1530.39771	1553.94569	1543.37615	1530.50660
2025-04-10T12:17:45Z	10787.00000	1553.80706	1543.36801	1530.39678	1553.94839	1543.38469	1530.51021
2025-04-10T12:17:46Z	10788.00000	1553.80620	1543.36613	1530.39608	1553.95040	1543.39086	1530.51297
2025-04-10T12:17:47Z	10789.00000	1553.81288	1543.38612	1530.40446	1553.14624	1541.70926	1529.48783
2025-04-10T12:17:48Z	10790.00000	1553.90984	1543.68041	1530.53193	1551.70520	1538.58819	1530.81592	458.18880
2025-04-10T12:17:49Z	10791.00000	1553.97333	1543.87214	1530.63890	1550.64273	1536.65494	1526.61166
2025-04-10T12:17:50Z	10792.00000	1553.98900	1543.91026	1530.66195	1550.63364	1536.65198	1526.08069
2025-04-10T12:17:51Z	10793.00000	1553.98933	1543.91079	1530.66167	1550.63279	1536.65183	1526.07948
2025-04-10T12:17:52Z	10794.00000	1553.98964	1543.91129	1530.66160	1550.63250	1536.65151	1526.07895
2025-04-10T12:17:53Z	10795.00000	1553.98992	1543.91165	1530.66158	1550.63244	1536.65128	1526.07856
2025-04-10T12:17:54Z	10796.00000	1553.99009	1543.91187	1530.66155	1550.63238	1536.65119	1526.07826
2025-04-10T12:17:55Z	10797.00000	1553.99028	1543.91212	1530.66155	1550.63239	1536.65102	1526.07803
2025-04-10T12:17:56Z	10798.00000	1553.99047	1543.91227	1530.66155	1551.00713	1537.32492	1529.22971
2025-04-10T12:17:57Z	10798.00000	1553.91234	1543.71287	1530.53580	1552.81902	1540.80869	1528.88492
2025-04-10T12:17:58Z	10799.00000	1553.85508	1543.50612	1530.44690	1553.84399	1543.11631	1530.35934
2025-04-10T12:17:59Z	10800.00000	1553.81059	1543.37587	1530.39871	1553.94166	1543.35791	1530.49853
2025-04-10T12:17:59Z	10801.00000	1553.80857	1543.37122	1530.39722	1553.94558	1543.37198	1530.50419
2025-04-10T12:18:00Z	10802.00000	1553.80737	1543.36860	1530.39634	1553.94819	1543.38057	1530.50793
2025-04-10T12:18:01Z	10803.00000	1553.80652	1543.36675	1530.39566	1553.95020	1543.38668	1530.51070
2025-04-10T12:18:02Z	10804.00000	1553.81507	1543.39120	1530.40546	1553.13746	1541.63152	1529.38700
2025-04-10T12:18:03Z	10805.00000	1553.91638	1543.69036	1530.53043	1551.71751	1538.51350	1532.24437	687.17837
2025-04-10T12:18:04Z	10806.00000	1553.98277	1543.88996	1530.63484	1550.77215	1536.82845	1536.50578	1525.94734
2025-04-10T12:18:05Z	10807.00000	1553.99310	1543.91874	1530.65144	1550.76932	1536.82684	1536.49927	1525.94222
2025-04-10T12:18:06Z	10808.00000	1553.99370	1543.91931	1530.65128	1550.76883	1536.82644	1536.49563	1525.94150
2025-04-10T12:18:07Z	10809.00000	1553.99422	1543.91979	1530.65125	1550.76871	1536.82619	1536.49333	1525.94109
2025-04-10T12:18:08Z	10810.00000	1553.99458	1543.92012	1530.65122	1550.76863	1536.82595	1536.49134	1525.94086
2025-04-10T12:18:09Z	10811.00000	1553.99488	1543.92040	1530.65120	1550.76861	1536.82572	1536.48994	1525.94059
2025-04-10T12:18:10Z	10812.00000	1553.99513	1543.92060	1530.65118	1550.76861	1536.82562	1536.48855	1525.94039
2025-04-10T12:18:11Z	10813.00000	1553.99534	1543.92074	1530.65119	1551.21086	1537.61845	1533.53033
2025-04-10T12:18:12Z	10813.00000	1553.91283	1543.69900	1530.52304	1552.92499	1541.03510	1529.03421
2025-04-10T12:18:13Z	10814.00000	1553.85104	1543.49107	1530.43987	1553.87850	1543.19062	1530.40435
2025-04-10T12:18:14Z	10815.00000	1553.81107	1543.37580	1530.39803	1553.94204	1543.35590	1530.49703
2025-04-10T12:18:14Z	10816.00000	1553.80911	1543.37146	1530.39667	1553.94572	1543.36926	1530.50247
2025-04-10T12:18:15Z	10817.00000	1553.80795	1543.36897	1530.39587	1553.94827	1543.37780	1530.50645
2025-04-10T12:18:16Z	10818.00000	1553.80703	1543.36706	1530.39522	1553.95018	1543.38381	1530.50919
2025-04-10T12:18:17Z	10819.00000	1553.82024	1543.40440	1530.41024	1553.06328	1541.45225	1529.26984
2025-04-10T12:18:18Z	10820.00000	1553.92276	1543.70768	1530.53682	1551.69066	1538.44672	1533.26746	839.89912
2025-04-10T12:18:19Z	10821.00000	1553.98664	1543.89410	1530.63576	1550.78799	1536.83577	1525.94190
2025-04-10T12:18:20Z	10822.00000	1553.99548	1543.92103	1530.65086	1550.78455	1536.83439	1525.93612
2025-04-10T12:18:21Z	10823.00000	1553.99601	1543.92156	1530.65074	1550.78411	1536.83398	1525.93539
2025-04-10T12:18:22Z	10824.00000	1553.99643	1543.92206	1530.65074	1550.78401	1536.83374	1525.93507
2025-04-10T12:18:23Z	10825.00000	1553.99680	1543.92241	1530.65076	1550.78398	1536.83351	1525.93484
2025-04-10T12:18:24Z	10826.00000	1553.99712	1543.92264	1530.65077	1550.78397	1536.83329	1525.93468
2025-04-10T12:18:25Z	10827.00000	1553.99735	1543.92289	1530.65081	1550.78400	1536.83318	1525.93457
2025-04-10T12:18:26Z	10827.00000	1553.99756	1543.92304	1530.65081	1550.82862	1536.91838	1527.60856	228.94157
2025-04-10T12:18:27Z	10828.00000	1553.92405	1543.74122	1530.54222	1552.71674	1540.51375	1528.61863
2025-04-10T12:18:28Z	10829.00000	1553.86611	1543.53347	1530.45414	1553.75457	1542.89566	1530.21309
2025-04-10T12:18:28Z	10830.00000	1553.81228	1543.37760	1530.39826	1553.94110	1543.34982	1530.49364
2025-04-10T12:18:29Z	10831.00000	1553.80995	1543.37250	1530.39675	1553.94510	1543.36500	1530.49981
2025-04-10T12:18:30Z	10832.00000	1553.80869	1543.36982	1530.39589	1553.94776	1543.37415	1530.50394
2025-04-10T12:18:31Z	10833.00000	1553.80775	1543.36793	1530.39522	1553.94981	1543.38062	1530.50697
2025-04-10T12:18:32Z	10834.00000	1553.80965	1543.37385	1530.39745	1553.33828	1542.04508	1529.59453
2025-04-10T12:18:33Z	10835.00000	1553.90966	1543.65958	1530.51116	1551.98325	1538.94991	1529.78525	305.43281
2025-04-10T12:18:34Z	10836.00000	1553.97858	1543.85948	1530.61115	1550.94314	1537.01529	1534.00849	1144.32264
2025-04-10T12:18:35Z	10837.00000	1553.99465	1543.90707	1530.64077	1550.92096	1536.96140	1525.75865
2025-04-10T12:18:36Z	10838.00000	1553.99542	1543.90803	1530.64068	1550.92063	1536.90612	1525.75862
2025-04-10T12:18:37Z	10839.00000	1553.99598	1543.90864	1530.64072	1550.92051	1536.90577	1525.75870
2025-04-10T12:18:38Z	10840.00000	1553.99643	1543.90909	1530.64075	1550.92055	1536.90652	1525.75873
2025-04-10T12:18:39Z	10841.00000	1553.99679	1543.90942	1530.64079	1550.92057	1536.90644	1525.75874
2025-04-10T12:18:40Z	10841.00000	1553.99711	1543.90968	1530.64082	1550.92060	1536.90659	1525.75874
2025-04-10T12:18:41Z	10842.00000	1553.99735	1543.90990	1530.64086	1550.98563	1537.04581	1531.17148	763.01579
2025-04-10T12:18:42Z	10843.00000	1553.92912	1543.73087	1530.53200	1552.80104	1540.67881	1528.70098
2025-04-10T12:18:43Z	10844.00000	1553.86559	1543.52513	1530.44984	1553.78368	1542.95826	1530.24554
2025-04-10T12:18:43Z	10845.00000	1553.81300	1543.37779	1530.39811	1553.94180	1543.34992	1530.49192
2025-04-10T12:18:44Z	10846.00000	1553.81065	1543.37290	1530.39668	1553.94564	1543.36484	1530.49824
2025-04-10T12:18:45Z	10847.00000	1553.80938	1543.37034	1530.39586	1553.94814	1543.37359	1530.50222
2025-04-10T12:18:46Z	10848.00000	1553.80844	1543.36848	1530.39525	1553.95011	1543.38003	1530.50540
2025-04-10T12:18:47Z	10849.00000	1553.81038	1543.37459	1530.39755	1553.34707	1542.04824	1529.58768
2025-04-10T12:18:48Z	10850.00000	1553.91227	1543.66179	1530.51150	1551.99329	1538.90147	1530.27811	381.78401
2025-04-10T12:18:49Z	10851.00000	1553.98297	1543.85961	1530.61167	1550.94464	1536.97141	1534.55826	1220.63264
2025-04-10T12:18:50Z	10852.00000	1553.99985	1543.90927	1530.64038	1550.92410	1536.90139	1525.78181
2025-04-10T12:18:51Z	10853.00000	1554.00051	1543.91174	1530.64029	1550.92368	1536.90524	1525.78154
2025-04-10T12:18:52Z	10854.00000	1554.00103	1543.91243	1530.64032	1550.92352	1536.90447	1536.12932	1525.78158
2025-04-10T12:18:53Z	10855.00000	1554.00141	1543.91290	1530.64038	1550.92350	1536.90443	1536.12644	1525.78163
2025-04-10T12:18:54Z	10856.00000	1554.00175	1543.91323	1530.64038	1550.92422	1536.90906	1536.12950	1525.78570
2025-04-10T12:18:55Z	10856.00000	1554.00220	1543.91354	1530.64020	1550.92438	1536.90752	1536.12809	1525.78597
2025-04-10T12:18:56Z	10857.00000	1554.00245	1543.91376	1530.64025	1551.04067	1537.11953	1535.98353	1449.70848
2025-04-10T12:18:57Z	10858.00000	1553.92801	1543.72629	1530.52824	1552.82829	1540.74305	1528.74458
2025-04-10T12:18:57Z	10859.00000	1553.86582	1543.52438	1530.44914	1553.78747	1542.96485	1530.24961
2025-04-10T12:18:58Z	10860.00000	1553.81370	1543.37827	1530.39808	1553.94214	1543.34867	1530.49075
2025-04-10T12:18:59Z	10861.00000	1553.81134	1543.37344	1530.39666	1553.94590	1543.36339	1530.49705
2025-04-10T12:19:00Z	10862.00000	1553.81003	1543.37083	1530.39586	1553.94842	1543.37229	1530.50112
2025-04-10T12:19:01Z	10863.00000	1553.80909	1543.36900	1530.39526	1553.95034	1543.37862	1530.50417
2025-04-10T12:19:02Z	10864.00000	1553.81249	1543.37902	1530.39906	1553.29425	1541.92355	1529.51041
2025-04-10T12:19:03Z	10865.00000	1553.91734	1543.67342	1530.51675	1551.93886	1538.78508	1530.78275	458.14070
2025-04-10T12:19:04Z	10866.00000	1553.98667	1543.86836	1530.61527	1550.94539	1536.97667	1534.54829	1220.64693
2025-04-10T12:19:05Z	10867.00000	1554.00252	1543.91398	1530.64129	1550.92565	1536.90521	1525.80272
2025-04-10T12:19:06Z	10868.00000	1554.00302	1543.91461	1530.64103	1550.92501	1536.90612	1535.61429	1449.51155
2025-04-10T12:19:07Z	10869.00000	1554.00340	1543.91511	1530.64101	1550.92467	1536.90668	1536.12686	1525.80126
2025-04-10T12:19:08Z	10870.00000	1554.00375	1543.91545	1530.64101	1550.92558	1536.91093	1536.12776	1525.80365
2025-04-10T12:19:09Z	10871.00000	1554.00257	1543.91334	1530.64042	1550.92688	1536.91666	1536.12887	1525.80630
2025-04-10T12:19:10Z	10871.00000	1554.00284	1543.91359	1530.64049	1550.92713	1536.91705	1536.12737	1525.80651
2025-04-10T12:19:11Z	10872.00000	1554.00310	1543.91378	1530.64054	1551.14557	1537.33684	1535.68832	1373.51343
2025-04-10T12:19:12Z	10873.00000	1553.92589	1543.71876	1530.52490	1552.86762	1540.82523	1528.80211
2025-04-10T12:19:12Z	10874.00000	1553.86231	1543.51333	1530.44514	1553.82420	1543.04973	1530.30519
2025-04-10T12:19:13Z	10875.00000	1553.81393	1543.37825	1530.39797	1553.94205	1543.34749	1530.48967
2025-04-10T12:19:14Z	10876.00000	1553.81167	1543.37368	1530.39664	1553.94573	1543.36188	1530.49591
2025-04-10T12:19:15Z	10877.00000	1553.81037	1543.37111	1530.39584	1553.94820	1543.37060	1530.49995
2025-04-10T12:19:16Z	10878.00000	1553.80945	1543.36933	1530.39524	1553.95014	1543.37684	1530.50294
2025-04-10T12:19:17Z	10879.00000	1553.81476	1543.38447	1530.40103	1553.24688	1541.80897	1529.43142
2025-04-10T12:19:18Z	10880.00000	1553.92017	1543.68031	1530.51962	1551.91061	1538.72920	1531.84578	610.85751
2025-04-10T12:19:19Z	10881.00000	1553.99003	1543.87392	1530.61905	1550.91567	1536.92136	1526.39995
2025-04-10T12:19:20Z	10882.00000	1554.00649	1543.91557	1530.64287	1550.90983	1536.90220	1525.84934
2025-04-10T12:19:21Z	10883.00000	1554.00693	1543.91613	1530.64267	1550.90890	1536.90304	1525.84831
2025-04-10T12:19:22Z	10884.00000	1554.00732	1543.91662	1530.64265	1550.90848	1536.90392	1525.84783
2025-04-10T12:19:23Z	10885.00000	1554.00764	1543.91696	1530.64265	1550.90824	1536.90708	1525.84753
2025-04-10T12:19:24Z	10886.00000	1554.00785	1543.91723	1530.64265	1550.90804	1536.90400	1525.84730
2025-04-10T12:19:25Z	10886.00000	1554.00805	1543.91745	1530.64268	1550.90792	1536.90503	1525.84707
2025-04-10T12:19:26Z	10887.00000	1554.00821	1543.91758	1530.64268	1550.95454	1537.00878	1527.55258	228.93887
2025-04-10T12:19:27Z	10888.00000	1553.93299	1543.73745	1530.53339	1552.76760	1540.60260	1528.65134
2025-04-10T12:19:27Z	10889.00000	1553.86870	1543.53233	1530.45171	1553.75278	1542.88151	1530.19513
2025-04-10T12:19:28Z	10890.00000	1553.81475	1543.37947	1530.39829	1553.94102	1543.34400	1530.48784
2025-04-10T12:19:29Z	10891.00000	1553.81227	1543.37441	1530.39682	1553.94486	1543.35923	1530.49430
2025-04-10T12:19:30Z	10892.00000	1553.81094	1543.37180	1530.39597	1553.94737	1543.36818	1530.49841
2025-04-10T12:19:31Z	10893.00000	1553.80999	1543.36995	1530.39535	1553.94931	1543.37463	1530.50157
2025-04-10T12:19:32Z	10894.00000	1553.81059	1543.37235	1530.39619	1553.40055	1542.16076	1529.67409
2025-04-10T12:19:33Z	10895.00000	1553.90886	1543.64928	1530.50569	1552.06029	1539.05036	1529.86533	305.45523
2025-04-10T12:19:34Z	10896.00000	1553.98155	1543.85416	1530.60682	1550.95352	1536.99468	1528.03841
2025-04-10T12:19:35Z	10897.00000	1554.00715	1543.91822	1530.64403	1550.90545	1536.90180	1525.86336
2025-04-10T12:19:36Z	10898.00000	1554.00763	1543.91877	1530.64372	1550.90440	1536.90298	1525.86219
2025-04-10T12:19:37Z	10899.00000	1554.00802	1543.91925	1530.64368	1550.90393	1536.90198	1525.86174
2025-04-10T12:19:38Z	10900.00000	1554.00834	1543.91959	1530.64369	1550.90366	1536.90228	1525.86145
2025-04-10T12:19:39Z	10901.00000	1554.00857	1543.91986	1530.64371	1550.90351	1536.90250	1525.86118
2025-04-10T12:19:40Z	10901.00000	1554.00876	1543.92006	1530.64372	1550.90338	1536.90259	1525.86101
2025-04-10T12:19:41Z	10902.00000	1554.00894	1543.92022	1530.64373	1550.94768	1536.97864	1527.56424	228.94285
2025-04-10T12:19:42Z	10903.00000	1553.93306	1543.73777	1530.53334	1552.77546	1540.61776	1528.66473
2025-04-10T12:19:42Z	10904.00000	1553.86827	1543.53088	1530.45107	1553.76662	1542.91380	1530.21647
2025-04-10T12:19:43Z	10905.00000	1553.81495	1543.37966	1530.39814	1553.94087	1543.34328	1530.48719
2025-04-10T12:19:44Z	10906.00000	1553.81254	1543.37473	1530.39670	1553.94475	1543.35839	1530.49368
2025-04-10T12:19:45Z	10907.00000	1553.81121	1543.37214	1530.39589	1553.94730	1543.36738	1530.49782
2025-04-10T12:19:46Z	10908.00000	1553.81030	1543.37032	1530.39528	1553.94923	1543.37375	1530.50091
2025-04-10T12:19:47Z	10909.00000	1553.81129	1543.37388	1530.39659	1553.37014	1542.09126	1529.62959
2025-04-10T12:19:48Z	10910.00000	1553.91313	1543.66097	1530.51066	1552.01842	1538.96831	1529.81017	305.44585
2025-04-10T12:19:49Z	10911.00000	1553.98515	1543.86339	1530.61171	1550.95458	1536.97686	1526.97507
2025-04-10T12:19:50Z	10912.00000	1554.00965	1543.92165	1530.64585	1550.91988	1536.90467	1525.86937
2025-04-10T12:19:51Z	10913.00000	1554.01006	1543.92213	1530.64551	1550.91881	1536.90440	1536.10251	1525.86827
2025-04-10T12:19:52Z	10914.00000	1554.01040	1543.92257	1530.64544	1550.91832	1536.90488	1536.09888	1525.86784
2025-04-10T12:19:53Z	10915.00000	1554.01071	1543.92290	1530.64543	1550.91807	1536.90515	1536.09349	1525.86748
2025-04-10T12:19:54Z	10916.00000	1554.01095	1543.92313	1530.64543	1550.91788	1536.90640	1536.09476	1525.86724
2025-04-10T12:19:55Z	10916.00000	1554.01112	1543.92332	1530.64543	1550.91774	1536.90617	1536.09328	1525.86705
2025-04-10T12:19:56Z	10917.00000	1554.01127	1543.92345	1530.64543	1550.95246	1537.00022	1536.25380	1525.92567
2025-04-10T12:19:56Z	10918.00000	1553.93311	1543.73952	1530.53361	1552.75762	1540.57813	1528.63910
2025-04-10T12:19:57Z	10919.00000	1553.86881	1543.53268	1530.45147	1553.75588	1542.88886	1530.20032
2025-04-10T12:19:58Z	10920.00000	1553.81535	1543.38018	1530.39819	1553.94043	1543.34178	1530.48621
2025-04-10T12:19:59Z	10921.00000	1553.81290	1543.37519	1530.39674	1553.94427	1543.35690	1530.49266
2025-04-10T12:20:00Z	10922.00000	1553.81158	1543.37257	1530.39590	1553.94679	1543.36579	1530.49683
2025-04-10T12:20:01Z	10923.00000	1553.81064	1543.37076	1530.39531	1553.94875	1543.37225	1530.49996
2025-04-10T12:20:02Z	10924.00000	1553.81088	1543.37214	1530.39579	1553.41427	1542.19012	1529.69747
2025-04-10T12:20:03Z	10925.00000	1553.90920	1543.64871	1530.50537	1552.07413	1539.09297	1528.78204	152.73124
2025-04-10T12:20:04Z	10926.00000	1553.98216	1543.85595	1530.60684	1550.97845	1537.01855	1528.05163
2025-04-10T12:20:05Z	10927.00000	1554.01046	1543.92283	1530.64589	1550.92187	1536.90605	1532.52467	991.81643
2025-04-10T12:20:06Z	10928.00000	1554.01085	1543.92329	1530.64555	1550.92078	1536.90628	1536.10137	1525.87035
2025-04-10T12:20:07Z	10929.00000	1554.01124	1543.92374	1530.64549	1550.92028	1536.90631	1536.09787	1525.86984
2025-04-10T12:20:08Z	10930.00000	1554.01151	1543.92405	1530.64546	1550.91998	1536.90652	1536.09540	1525.86949
2025-04-10T12:20:09Z	10930.00000	1554.01174	1543.92429	1530.64547	1550.91982	1536.90697	1536.09373	1525.86925
2025-04-10T12:20:10Z	10931.00000	1554.01199	1543.92444	1530.64546	1550.91966	1536.90942	1536.09238	1525.86906
2025-04-10T12:20:11Z	10932.00000	1554.01215	1543.92459	1530.64546	1550.96519	1537.03416	1535.76587	1449.65872
2025-04-10T12:20:11Z	10933.00000	1553.93308	1543.73850	1530.53284	1552.76568	1540.60101	1528.65712
2025-04-10T12:20:12Z	10934.00000	1553.86866	1543.53205	1530.45071	1553.76231	1542.90197	1530.20870
2025-04-10T12:20:13Z	10935.00000	1553.81576	1543.38060	1530.39812	1553.94033	1543.34047	1530.48542
2025-04-10T12:20:14Z	10936.00000	1553.81327	1543.37556	1530.39661	1553.94421	1543.35577	1530.49201
2025-04-10T12:20:15Z	10937.00000	1553.81193	1543.37287	1530.39575	1553.94676	1543.36483	1530.49623
2025-04-10T12:20:16Z	10938.00000	1553.81098	1543.37103	1530.39514	1553.94871	1543.37126	1530.49935
2025-04-10T12:20:17Z	10939.00000	1553.81025	1543.36958	1530.39466	1553.59050	1542.58167	1529.96195
2025-04-10T12:20:18Z	10940.00000	1553.89870	1543.61755	1530.49195	1552.21896	1539.42303	1527.86573
2025-04-10T12:20:19Z	10941.00000	1553.97498	1543.83431	1530.59443	1551.07515	1537.20268	1531.88426
2025-04-10T12:20:20Z	10942.00000	1554.01073	1543.92310	1530.64577	1550.93616	1536.91021	1536.11267	1525.86638
2025-04-10T12:20:21Z	10943.00000	1554.01103	1543.92344	1530.64526	1550.93485	1536.91117	1536.10585	1525.86473
2025-04-10T12:20:22Z	10944.00000	1554.01141	1543.92359	1530.64506	1550.93776	1536.91242	1536.10466	1525.86813
2025-04-10T12:20:23Z	10944.00000	1554.01178	1543.92278	1530.64474	1550.93719	1536.91267	1536.10244	1525.86763
2025-04-10T12:20:24Z	10945.00000	1554.01201	1543.92298	1530.64474	1550.93687	1536.91324	1536.10078	1525.86724
2025-04-10T12:20:25Z	10946.00000	1554.01215	1543.92312	1530.64472	1550.93664	1536.91425	1536.09936	1525.86695
2025-04-10T12:20:25Z	10947.00000	1554.01231	1543.92322	1530.64471	1550.93648	1536.91316	1536.09826	1525.86671
2025-04-10T12:20:26Z	10948.00000	1553.94565	1543.77610	1530.55160	1552.60905	1540.23382	1528.39819
2025-04-10T12:20:27Z	10949.00000	1553.87987	1543.56516	1530.46228	1553.61264	1542.55144	1529.97621
2025-04-10T12:20:28Z	10950.00000	1553.81717	1543.38306	1530.39858	1553.93962	1543.33585	1530.48352
2025-04-10T12:20:29Z	10951.00000	1553.81381	1543.37607	1530.39651	1553.94384	1543.35300	1530.49074
2025-04-10T12:20:30Z	10952.00000	1553.81237	1543.37323	1530.39563	1553.94652	1543.36261	1530.49519
2025-04-10T12:20:31Z	10953.00000	1553.81142	1543.37135	1530.39501	1553.94856	1543.36938	1530.49853
2025-04-10T12:20:32Z	10954.00000	1553.81061	1543.36983	1530.39449	1553.60051	1542.60188	1529.97606
2025-04-10T12:20:33Z	10955.00000	1553.89970	1543.61895	1530.49232	1552.20746	1539.38609	1527.83133
2025-04-10T12:20:34Z	10956.00000	1553.97708	1543.83839	1530.59681	1551.03608	1537.13500	1530.24648
2025-04-10T12:20:35Z	10957.00000	1554.01134	1543.92196	1530.64445	1550.91357	1536.90446	1525.88639
2025-04-10T12:20:36Z	10958.00000	1554.01172	1543.92234	1530.64403	1550.91254	1536.90526	1525.88491
2025-04-10T12:20:37Z	10959.00000	1554.01210	1543.92277	1530.64394	1550.91206	1536.90571	1536.09862	1525.88442
2025-04-10T12:20:38Z	10959.00000	1554.01242	1543.92305	1530.64393	1550.91186	1536.90598	1536.09605	1525.88407
2025-04-10T12:20:39Z	10960.00000	1554.01264	1543.92333	1530.64392	1550.91168	1536.90718	1536.09419	1525.88380
2025-04-10T12:20:40Z	10961.00000	1554.01285	1543.92348	1530.64394	1550.91157	1536.90696	1536.09275	1525.88360
2025-04-10T12:20:40Z	10962.00000	1554.01296	1543.92360	1530.64394	1550.91151	1536.90701	1536.09167	1525.88342
2025-04-10T12:20:41Z	10963.00000	1553.94163	1543.76099	1530.54315	1552.65251	1540.35039	1528.48804
2025-04-10T12:20:42Z	10964.00000	1553.87596	1543.55217	1530.45739	1553.67466	1542.69722	1530.07418
2025-04-10T12:20:43Z	10965.00000	1553.81669	1543.38164	1530.39798	1553.93909	1543.33622	1530.48347
2025-04-10T12:20:44Z	10966.00000	1553.81405	1543.37625	1530.39644	1553.94305	1543.35222	1530.49022
2025-04-10T12:20:45Z	10967.00000	1553.81264	1543.37349	1530.39556	1553.94571	1543.36160	1530.49461
2025-04-10T12:20:46Z	10968.00000	1553.81168	1543.37162	1530.39495	1553.94767	1543.36821	1530.49787
2025-04-10T12:20:47Z	10969.00000	1553.81093	1543.37016	1530.39444	1553.54723	1542.48417	1529.89858
2025-04-10T12:20:48Z	10970.00000	1553.90348	1543.62932	1530.49690	1552.16874	1539.31182	1528.37157	76.36816
2025-04-10T12:20:49Z	10971.00000	1553.98030	1543.84632	1530.60083	1550.99457	1537.08471	1529.70007
2025-04-10T12:20:50Z	10972.00000	1554.00928	1543.92056	1530.64260	1550.88999	1536.89964	1525.90273
2025-04-10T12:20:51Z	10973.00000	1554.00985	1543.92117	1530.64243	1550.88904	1536.89944	1525.90174
2025-04-10T12:20:52Z	10974.00000	1554.01024	1543.92165	1530.64243	1550.88863	1536.90187	1525.90137
2025-04-10T12:20:53Z	10974.00000	1554.01058	1543.92203	1530.64246	1550.88836	1536.90117	1525.90117
2025-04-10T12:20:54Z	10975.00000	1554.01083	1543.92226	1530.64247	1550.88820	1536.90008	1525.90098
2025-04-10T12:20:55Z	10976.00000	1554.01106	1543.92246	1530.64251	1550.88807	1536.90014	1525.90082
2025-04-10T12:20:55Z	10977.00000	1554.01120	1543.92260	1530.64252	1550.88200	1536.90928	1526.42381	76.28557
2025-04-10T12:20:56Z	10978.00000	1553.93852	1543.75285	1530.53855	1552.70426	1540.44214	1528.54281
2025-04-10T12:20:57Z	10979.00000	1553.87343	1543.54322	1530.45396	1553.71745	1542.79594	1530.13924
2025-04-10T12:20:58Z	10980.00000	1553.81672	1543.38136	1530.39755	1553.93913	1543.33627	1530.48334
2025-04-10T12:20:59Z	10981.00000	1553.81417	1543.37619	1530.39602	1553.94315	1543.35195	1530.49010
2025-04-10T12:21:00Z	10982.00000	1553.81283	1543.37355	1530.39517	1553.94568	1543.36102	1530.49429
2025-04-10T12:21:01Z	10983.00000	1553.81188	1543.37172	1530.39456	1553.94761	1543.36754	1530.49743
2025-04-10T12:21:02Z	10984.00000	1553.81112	1543.37027	1530.39405	1553.94914	1543.37246	1530.49980
2025-04-10T12:21:03Z	10985.00000	1553.81049	1543.36909	1530.39365	1553.95040	1543.37647	1530.50182
2025-04-10T12:21:04Z	10986.00000	1553.80996	1543.36810	1530.39331	1553.95143	1543.37976	1530.50344
2025-04-10T12:21:05Z	10987.00000	1553.80950	1543.36721	1530.39299	1553.95231	1543.38257	1530.50489
2025-04-10T12:21:06Z	10988.00000	1553.80910	1543.36648	1530.39274	1553.95309	1543.38499	1530.50609
2025-04-10T12:21:07Z	10989.00000	1553.80870	1543.36574	1530.39246	1553.95381	1543.38723	1530.50733
2025-04-10T12:21:08Z	10989.00000	1553.80839	1543.36514	1530.39223	1553.95443	1543.38911	1530.50830
2025-04-10T12:21:09Z	10990.00000	1553.80808	1543.36459	1530.39203	1553.95492	1543.39079	1530.50914
2025-04-10T12:21:10Z	10991.00000	1553.80780	1543.36407	1530.39183	1553.95540	1543.39233	1530.50993
2025-04-10T12:21:10Z	10992.00000	1553.80752	1543.36358	1530.39163	1553.95585	1543.39376	1530.51063
