Timestamp	Time [s]	WL 1[nm]	WL 2[nm]	WL 3[nm]	WL 4[nm]	WL 5[nm]	WL 6[nm]	WL 7[nm]	WL 8[nm]	
2025-04-10T12:08:18Z	10220.00000	1553.77874	1543.31084	1530.37476	1553.99327	1543.53156	1530.56669
2025-04-10T12:08:19Z	10221.00000	1553.77870	1543.31079	1530.37475	1553.99327	1543.53156	1530.56669
2025-04-10T12:08:20Z	10222.00000	1553.77869	1543.31072	1530.37471	1553.99326	1543.53158	1530.56668
2025-04-10T12:08:21Z	10223.00000	1553.77865	1543.31068	1530.37468	1553.99325	1543.53158	1530.56668
2025-04-10T12:08:22Z	10224.00000	1553.77865	1543.31065	1530.37464	1553.99322	1543.53158	1530.56667
2025-04-10T12:08:23Z	10225.00000	1553.77865	1543.31059	1530.37462	1553.99331	1543.53164	1530.56674
2025-04-10T12:08:24Z	10226.00000	1553.77856	1543.31047	1530.37453	1553.99328	1543.53164	1530.56673
2025-04-10T12:08:25Z	10227.00000	1553.77856	1543.31044	1530.37452	1553.99327	1543.53164	1530.56673
2025-04-10T12:08:26Z	10228.00000	1553.77854	1543.31040	1530.37451	1553.99327	1543.53164	1530.56672
2025-04-10T12:08:27Z	10228.00000	1553.77854	1543.31035	1530.37448	1553.99324	1543.53163	1530.56672
2025-04-10T12:08:28Z	10229.00000	1553.77852	1543.31032	1530.37447	1553.99323	1543.53164	1530.56672
2025-04-10T12:08:29Z	10230.00000	1553.77853	1543.31027	1530.37443	1553.99323	1543.53164	1530.56672
2025-04-10T12:08:29Z	10231.00000	1553.77853	1543.31023	1530.37442	1553.99321	1543.53164	1530.56674
2025-04-10T12:08:30Z	10232.00000	1553.77855	1543.31021	1530.37439	1553.99322	1543.53164	1530.56678
2025-04-10T12:08:31Z	10233.00000	1553.77858	1543.31019	1530.37435	1553.99319	1543.53162	1530.56677
2025-04-10T12:08:32Z	10234.00000	1553.77858	1543.31015	1530.37432	1553.99317	1543.53163	1530.56679
2025-04-10T12:08:33Z	10235.00000	1553.77856	1543.31009	1530.37431	1553.99320	1543.53163	1530.56680
2025-04-10T12:08:34Z	10236.00000	1553.77854	1543.31003	1530.37430	1553.50912	1542.69902	1530.04446
2025-04-10T12:08:35Z	10237.00000	1553.85593	1543.54119	1530.49164	1551.76961	1539.64304	1528.12930
2025-04-10T12:08:36Z	10238.00000	1553.93335	1543.76533	1530.62547	1550.47165	1537.65727	1526.78274
2025-04-10T12:08:37Z	10239.00000	1553.94685	1543.80323	1530.64952	1550.47425	1537.64894	1526.78147
2025-04-10T12:08:38Z	10240.00000	1553.94799	1543.80585	1530.65033	1550.47587	1537.64590	1526.78242
2025-04-10T12:08:39Z	10240.00000	1553.94881	1543.80753	1530.65087	1550.47697	1537.64365	1526.78328
2025-04-10T12:08:40Z	10241.00000	1553.94943	1543.80881	1530.65130	1550.47786	1537.64208	1526.78392
2025-04-10T12:08:41Z	10242.00000	1553.94989	1543.80984	1530.65163	1550.47858	1537.64064	1526.78449
2025-04-10T12:08:41Z	10243.00000	1553.95034	1543.81073	1530.65192	1550.47920	1537.63939	1526.78495
2025-04-10T12:08:42Z	10244.00000	1553.95070	1543.81146	1530.65219	1550.47974	1537.63854	1526.78538
2025-04-10T12:08:43Z	10245.00000	1553.91609	1543.72856	1530.59426	1552.20881	1540.34688	1528.56507
2025-04-10T12:08:44Z	10246.00000	1553.85371	1543.53071	1530.47804	1553.42005	1542.47637	1529.92382
2025-04-10T12:08:45Z	10247.00000	1553.79333	1543.34543	1530.38829	1553.97168	1543.47407	1530.53918
2025-04-10T12:08:46Z	10248.00000	1553.78695	1543.32816	1530.38086	1553.97594	1543.48643	1530.54459
2025-04-10T12:08:47Z	10249.00000	1553.78587	1543.32572	1530.37997	1553.97861	1543.49311	1530.54785
2025-04-10T12:08:48Z	10250.00000	1553.78515	1543.32413	1530.37938	1553.98060	1543.49772	1530.55033
2025-04-10T12:08:49Z	10251.00000	1553.78461	1543.32293	1530.37892	1553.73900	1543.07843	1530.28471
2025-04-10T12:08:50Z	10252.00000	1553.85254	1543.52171	1530.47796	1552.00639	1539.99312	1528.35475
2025-04-10T12:08:51Z	10253.00000	1553.93387	1543.75871	1530.61388	1550.60804	1537.69547	1526.69521
2025-04-10T12:08:52Z	10253.00000	1553.95046	1543.81493	1530.65099	1550.60331	1537.68232	1526.68451
2025-04-10T12:08:53Z	10254.00000	1553.95132	1543.81623	1530.65141	1550.60418	1537.68142	1526.68473
2025-04-10T12:08:54Z	10255.00000	1553.95191	1543.81711	1530.65167	1550.60497	1537.68064	1526.68505
2025-04-10T12:08:54Z	10256.00000	1553.95235	1543.81778	1530.65191	1550.60558	1537.68013	1526.68534
2025-04-10T12:08:55Z	10257.00000	1553.95272	1543.81832	1530.65211	1550.60610	1537.67969	1526.68560
2025-04-10T12:08:56Z	10258.00000	1553.95299	1543.81879	1530.65227	1550.60651	1537.67936	1526.68583
2025-04-10T12:08:57Z	10259.00000	1553.95329	1543.81922	1530.65242	1550.60693	1537.67908	1526.68603
2025-04-10T12:08:58Z	10260.00000	1553.93633	1543.77771	1530.62360	1551.98663	1539.92602	1528.22363
2025-04-10T12:08:59Z	10261.00000	1553.86445	1543.55919	1530.49057	1553.27267	1542.19364	1529.73879
2025-04-10T12:09:00Z	10262.00000	1553.80199	1543.36791	1530.39822	1553.96686	1543.45836	1530.53174
2025-04-10T12:09:01Z	10263.00000	1553.78902	1543.33241	1530.38241	1553.97179	1543.47368	1530.53840
2025-04-10T12:09:02Z	10264.00000	1553.78781	1543.32965	1530.38141	1553.97468	1543.48130	1530.54211
2025-04-10T12:09:03Z	10265.00000	1553.78698	1543.32788	1530.38078	1553.97685	1543.48644	1530.54474
2025-04-10T12:09:04Z	10266.00000	1553.78635	1543.32652	1530.38026	1553.92154	1543.38929	1530.48254
2025-04-10T12:09:05Z	10267.00000	1553.83641	1543.46911	1530.45082	1552.35146	1540.56878	1528.69775
2025-04-10T12:09:06Z	10267.00000	1553.92292	1543.72363	1530.58826	1550.76773	1537.87911	1527.39157
2025-04-10T12:09:07Z	10268.00000	1553.95304	1543.81612	1530.64869	1550.64623	1537.68807	1526.66521
2025-04-10T12:09:07Z	10269.00000	1553.95399	1543.81733	1530.64911	1550.64694	1537.68723	1526.66510
2025-04-10T12:09:08Z	10270.00000	1553.95454	1543.81806	1530.64939	1550.64751	1537.68657	1526.66525
2025-04-10T12:09:09Z	10271.00000	1553.95496	1543.81864	1530.64960	1550.64794	1537.68615	1526.66539
2025-04-10T12:09:10Z	10272.00000	1553.95531	1543.81911	1530.64977	1550.64831	1537.68574	1526.66554
2025-04-10T12:09:11Z	10273.00000	1553.95558	1543.81945	1530.64990	1550.64863	1537.68540	1526.66565
2025-04-10T12:09:12Z	10274.00000	1553.95581	1543.81978	1530.65002	1550.64891	1537.68510	1526.66574
2025-04-10T12:09:13Z	10275.00000	1553.94665	1543.79948	1530.63601	1551.88398	1539.73741	1528.07199
2025-04-10T12:09:14Z	10276.00000	1553.86965	1543.57791	1530.49995	1553.16326	1541.96893	1529.58141
2025-04-10T12:09:15Z	10277.00000	1553.80826	1543.38471	1530.40562	1553.96467	1543.44866	1530.52747
2025-04-10T12:09:16Z	10278.00000	1553.79025	1543.33480	1530.38323	1553.96985	1543.46616	1530.53483
2025-04-10T12:09:17Z	10279.00000	1553.78893	1543.33181	1530.38216	1553.97286	1543.47432	1530.53875
2025-04-10T12:09:18Z	10280.00000	1553.78806	1543.32998	1530.38150	1553.97509	1543.47980	1530.54152
2025-04-10T12:09:19Z	10281.00000	1553.78747	1543.32861	1530.38100	1553.91054	1543.36519	1530.46664
2025-04-10T12:09:20Z	10282.00000	1553.83910	1543.47387	1530.45156	1552.36050	1540.54123	1528.64043
2025-04-10T12:09:21Z	10282.00000	1553.92677	1543.73114	1530.58989	1550.85747	1537.90431	1531.72021	687.01993
2025-04-10T12:09:22Z	10283.00000	1553.95288	1543.81290	1530.64678	1550.75694	1537.73999	1526.55240
2025-04-10T12:09:22Z	10284.00000	1553.95351	1543.81359	1530.64673	1550.75647	1537.73925	1526.55172
2025-04-10T12:09:23Z	10285.00000	1553.95397	1543.81414	1530.64682	1550.75650	1537.73876	1526.55156
2025-04-10T12:09:24Z	10286.00000	1553.95430	1543.81458	1530.64691	1550.75660	1537.73836	1526.55148
2025-04-10T12:09:25Z	10287.00000	1553.95452	1543.81490	1530.64699	1550.75672	1537.73798	1526.55143
2025-04-10T12:09:26Z	10288.00000	1553.95478	1543.81517	1530.64706	1550.75684	1537.73767	1526.55144
2025-04-10T12:09:27Z	10289.00000	1553.95498	1543.81540	1530.64713	1550.75697	1537.73733	1526.55143
2025-04-10T12:09:28Z	10290.00000	1553.94971	1543.80300	1530.63776	1551.88539	1539.71101	1528.02101
2025-04-10T12:09:29Z	10291.00000	1553.87477	1543.58224	1530.49984	1553.16148	1541.93415	1529.53697
2025-04-10T12:09:30Z	10292.00000	1553.81096	1543.39002	1530.40730	1553.96399	1543.44216	1530.52424
2025-04-10T12:09:31Z	10293.00000	1553.79114	1543.33640	1530.38367	1553.96884	1543.46005	1530.53165
2025-04-10T12:09:32Z	10294.00000	1553.78979	1543.33342	1530.38264	1553.97194	1543.46864	1530.53589
2025-04-10T12:09:33Z	10295.00000	1553.78886	1543.33151	1530.38195	1553.97412	1543.47427	1530.53877
2025-04-10T12:09:34Z	10295.00000	1553.78821	1543.33007	1530.38143	1553.93687	1543.40730	1530.49424
2025-04-10T12:09:35Z	10296.00000	1553.83802	1543.46964	1530.44845	1552.41029	1540.58758	1528.63544
2025-04-10T12:09:36Z	10297.00000	1553.92584	1543.72456	1530.58422	1550.91670	1537.95068	1530.06858
2025-04-10T12:09:37Z	10298.00000	1553.95692	1543.81309	1530.64284	1550.79893	1537.75368	1526.53051
2025-04-10T12:09:37Z	10299.00000	1553.95776	1543.81408	1530.64299	1550.79888	1537.75266	1537.61342	1526.53009
2025-04-10T12:09:38Z	10300.00000	1553.95821	1543.81469	1530.64313	1550.79902	1537.75204	1537.61400	1526.53005
2025-04-10T12:09:39Z	10301.00000	1553.95859	1543.81515	1530.64327	1550.79919	1537.75161	1537.61115	1526.53003
2025-04-10T12:09:40Z	10302.00000	1553.95884	1543.81549	1530.64336	1550.79936	1537.75126	1537.59986	1526.53003
2025-04-10T12:09:41Z	10303.00000	1553.95909	1543.81576	1530.64345	1550.79951	1537.75089	1537.59414	1526.53000
2025-04-10T12:09:42Z	10304.00000	1553.95929	1543.81597	1530.64351	1550.79969	1537.75064	1537.60131	1526.53002
2025-04-10T12:09:43Z	10305.00000	1553.94822	1543.79098	1530.62527	1551.94877	1539.79681	1528.05896
2025-04-10T12:09:44Z	10306.00000	1553.87550	1543.58002	1530.49565	1553.19710	1542.00105	1529.58463
2025-04-10T12:09:45Z	10307.00000	1553.80926	1543.38352	1530.40377	1553.96275	1543.43800	1530.52216
2025-04-10T12:09:46Z	10308.00000	1553.79187	1543.33760	1530.38409	1553.96788	1543.45541	1530.52963
2025-04-10T12:09:47Z	10309.00000	1553.79052	1543.33470	1530.38310	1553.97086	1543.46398	1530.53383
2025-04-10T12:09:48Z	10310.00000	1553.78964	1543.33282	1530.38243	1553.97301	1543.46967	1530.53669
2025-04-10T12:09:49Z	10310.00000	1553.78896	1543.33143	1530.38195	1553.97427	1543.47280	1530.53836
2025-04-10T12:09:50Z	10311.00000	1553.82698	1543.43666	1530.43264	1552.59461	1540.91288	1528.85009
2025-04-10T12:09:51Z	10312.00000	1553.92072	1543.70567	1530.57213	1551.01998	1538.09999	1530.78134	534.37129
2025-04-10T12:09:51Z	10313.00000	1553.96134	1543.81780	1530.64479	1550.78714	1537.73669	1537.61414	1526.57943
2025-04-10T12:09:52Z	10314.00000	1553.96202	1543.81877	1530.64504	1550.78683	1537.73630	1537.58936	1526.57824
2025-04-10T12:09:53Z	10315.00000	1553.96260	1543.81954	1530.64610	1550.77341	1537.73890	1537.59792	1526.58364
2025-04-10T12:09:54Z	10316.00000	1553.96284	1543.81981	1530.64636	1550.77974	1537.73745	1537.57700	1526.57994
2025-04-10T12:09:55Z	10317.00000	1553.96293	1543.81996	1530.64582	1550.78144	1537.73685	1537.59657	1526.57911
2025-04-10T12:09:56Z	10318.00000	1553.96310	1543.82023	1530.64581	1550.78161	1537.73664	1537.59897	1526.57908
2025-04-10T12:09:57Z	10319.00000	1553.96327	1543.82046	1530.64592	1550.78186	1537.73636	1537.59772	1526.57899
2025-04-10T12:09:58Z	10320.00000	1553.95860	1543.81204	1530.63996	1551.81718	1539.58473	1527.90030
2025-04-10T12:09:59Z	10321.00000	1553.87762	1543.59242	1530.50329	1553.09583	1541.83128	1529.47543
2025-04-10T12:10:00Z	10322.00000	1553.81518	1543.40035	1530.41229	1553.94458	1543.42055	1530.51366
2025-04-10T12:10:01Z	10323.00000	1553.79298	1543.34056	1530.38636	1553.95013	1543.44045	1530.52178
2025-04-10T12:10:02Z	10324.00000	1553.79157	1543.33748	1530.38531	1553.95348	1543.44958	1530.52616
2025-04-10T12:10:03Z	10325.00000	1553.79072	1543.33557	1530.38463	1553.95574	1543.45547	1530.52907
2025-04-10T12:10:04Z	10325.00000	1553.79004	1543.33417	1530.38410	1553.94665	1543.43945	1530.51816
2025-04-10T12:10:05Z	10326.00000	1553.83194	1543.44995	1530.43974	1552.53991	1540.81521	1528.79189
2025-04-10T12:10:06Z	10327.00000	1553.92438	1543.71383	1530.57709	1550.97533	1538.04318	1533.52604	916.08098
2025-04-10T12:10:06Z	10328.00000	1553.96490	1543.82290	1530.64779	1550.77390	1537.73003	1537.59681	1526.60233
2025-04-10T12:10:07Z	10329.00000	1553.96523	1543.82344	1530.64769	1550.77309	1537.73005	1537.57430	1526.60075
2025-04-10T12:10:08Z	10330.00000	1553.96554	1543.82389	1530.64776	1550.77287	1537.72983	1537.59695	1526.60029
2025-04-10T12:10:09Z	10331.00000	1553.96580	1543.82426	1530.64785	1550.77286	1537.72969	1537.59458	1526.60000
2025-04-10T12:10:10Z	10332.00000	1553.96602	1543.82455	1530.64793	1550.77288	1537.72952	1537.58473	1526.59981
2025-04-10T12:10:11Z	10333.00000	1553.96618	1543.82475	1530.64801	1550.77289	1537.72940	1537.59118	1526.59967
2025-04-10T12:10:12Z	10334.00000	1553.96634	1543.82494	1530.64807	1550.77293	1537.72933	1537.59008	1526.59954
2025-04-10T12:10:13Z	10335.00000	1553.95515	1543.80409	1530.63362	1551.88862	1539.69624	1527.97887
2025-04-10T12:10:14Z	10336.00000	1553.87467	1543.58375	1530.49836	1553.16026	1541.94567	1529.55223
2025-04-10T12:10:15Z	10337.00000	1553.81157	1543.39006	1530.40760	1553.94420	1543.41950	1530.51327
2025-04-10T12:10:16Z	10338.00000	1553.79349	1543.34135	1530.38672	1553.94981	1543.43818	1530.52110
2025-04-10T12:10:17Z	10339.00000	1553.79215	1543.33840	1530.38568	1553.95300	1543.44705	1530.52536
2025-04-10T12:10:18Z	10340.00000	1553.79129	1543.33650	1530.38503	1553.95526	1543.45289	1530.52827
2025-04-10T12:10:19Z	10341.00000	1553.79062	1543.33508	1530.38449	1553.89465	1543.34378	1530.45618
2025-04-10T12:10:20Z	10341.00000	1553.84340	1543.48183	1530.45480	1552.37585	1540.50322	1528.59461
2025-04-10T12:10:21Z	10342.00000	1553.93295	1543.73636	1530.59054	1550.86982	1537.88100	1534.45973	1068.67686
2025-04-10T12:10:22Z	10343.00000	1553.96505	1543.82392	1530.64831	1550.77362	1537.72653	1537.59037	1526.61277
2025-04-10T12:10:22Z	10344.00000	1553.96534	1543.82429	1530.64814	1550.77264	1537.72666	1537.58975	1526.61115
2025-04-10T12:10:23Z	10345.00000	1553.96564	1543.82473	1530.64820	1550.77234	1537.72661	1537.58657	1526.61058
2025-04-10T12:10:24Z	10346.00000	1553.96586	1543.82507	1530.64828	1550.77223	1537.72781	1537.58846	1526.61021
2025-04-10T12:10:25Z	10347.00000	1553.96606	1543.82533	1530.64835	1550.77215	1537.73046	1537.58693	1526.60998
2025-04-10T12:10:26Z	10348.00000	1553.96623	1543.82551	1530.64841	1550.77212	1537.72770	1537.58538	1526.60978
2025-04-10T12:10:27Z	10349.00000	1553.96635	1543.82570	1530.64846	1550.77212	1537.72625	1537.58065	1526.60961
2025-04-10T12:10:28Z	10350.00000	1553.94662	1543.78580	1530.62081	1552.00191	1539.88058	1528.11246
2025-04-10T12:10:29Z	10351.00000	1553.87127	1543.57229	1530.49241	1553.23124	1542.07291	1529.63758
2025-04-10T12:10:30Z	10352.00000	1553.80821	1543.38022	1530.40320	1553.94387	1543.41819	1530.51284
2025-04-10T12:10:31Z	10353.00000	1553.79393	1543.34207	1530.38708	1553.94931	1543.43582	1530.52033
2025-04-10T12:10:32Z	10354.00000	1553.79265	1543.33922	1530.38609	1553.95244	1543.44447	1530.52445
2025-04-10T12:10:33Z	10355.00000	1553.79178	1543.33737	1530.38543	1553.95466	1543.45029	1530.52736
2025-04-10T12:10:34Z	10356.00000	1553.79112	1543.33598	1530.38491	1553.86077	1543.28052	1530.41523
2025-04-10T12:10:35Z	10356.00000	1553.85008	1543.50083	1530.46362	1552.28621	1540.33006	1528.48401
2025-04-10T12:10:36Z	10357.00000	1553.93744	1543.74863	1530.59784	1550.82779	1537.81106	1536.05088	1297.67543
2025-04-10T12:10:37Z	10358.00000	1553.96594	1543.82556	1530.64868	1550.77586	1537.72573	1537.59346	1526.61621
2025-04-10T12:10:38Z	10359.00000	1553.96624	1543.82598	1530.64859	1550.77496	1537.72598	1537.58857	1526.61477
2025-04-10T12:10:38Z	10360.00000	1553.96652	1543.82639	1530.64866	1550.77465	1537.72588	1537.58178	1526.61423
2025-04-10T12:10:39Z	10361.00000	1553.96674	1543.82672	1530.64873	1550.77454	1537.72580	1537.58344	1526.61386
2025-04-10T12:10:40Z	10362.00000	1553.96696	1543.82698	1530.64880	1550.77447	1537.72565	1537.58201	1526.61360
2025-04-10T12:10:41Z	10363.00000	1553.96711	1543.82729	1530.64887	1550.77444	1537.72565	1537.58049	1526.61342
2025-04-10T12:10:42Z	10364.00000	1553.96724	1543.82797	1530.64895	1550.77443	1537.72553	1537.57944	1526.61326
2025-04-10T12:10:43Z	10365.00000	1553.95512	1543.80499	1530.63315	1551.90153	1539.70495	1527.98866
2025-04-10T12:10:44Z	10366.00000	1553.87609	1543.58639	1530.49959	1553.15031	1541.91978	1529.53897
2025-04-10T12:10:45Z	10367.00000	1553.81266	1543.39205	1530.40851	1553.94300	1543.41376	1530.51122
2025-04-10T12:10:46Z	10368.00000	1553.79450	1543.34316	1530.38755	1553.94854	1543.43261	1530.51910
2025-04-10T12:10:47Z	10369.00000	1553.79319	1543.34022	1530.38655	1553.95180	1543.44165	1530.52341
2025-04-10T12:10:48Z	10370.00000	1553.79230	1543.33834	1530.38588	1553.95409	1543.44758	1530.52632
2025-04-10T12:10:49Z	10371.00000	1553.79163	1543.33691	1530.38534	1553.88307	1543.31933	1530.44163
2025-04-10T12:10:50Z	10372.00000	1553.84773	1543.49362	1530.46008	1552.32356	1540.39744	1528.52576
2025-04-10T12:10:51Z	10373.00000	1553.93470	1543.74057	1530.59249	1550.88272	1537.87082	1534.99976	1145.01861
2025-04-10T12:10:52Z	10373.00000	1553.96621	1543.82626	1530.64891	1550.79158	1537.72772	1537.58871	1526.61239
2025-04-10T12:10:53Z	10374.00000	1553.96648	1543.82664	1530.64873	1550.79051	1537.72788	1537.58334	1526.61079
2025-04-10T12:10:53Z	10375.00000	1553.96674	1543.82707	1530.64878	1550.79012	1537.72918	1537.57673	1526.61021
2025-04-10T12:10:54Z	10376.00000	1553.96698	1543.82801	1530.64886	1550.78996	1537.73038	1537.57452	1526.60983
2025-04-10T12:10:55Z	10377.00000	1553.96717	1543.82828	1530.64893	1550.78986	1537.73025	1537.57652	1526.60957
2025-04-10T12:10:56Z	10378.00000	1553.96734	1543.82846	1530.64898	1550.78978	1537.72895	1537.57517	1526.60937
2025-04-10T12:10:57Z	10379.00000	1553.96746	1543.82864	1530.64904	1550.78975	1537.72762	1537.57404	1526.60921
2025-04-10T12:10:58Z	10380.00000	1553.94816	1543.78983	1530.62210	1551.99332	1539.85421	1528.10366
2025-04-10T12:10:59Z	10381.00000	1553.87353	1543.57663	1530.49447	1553.21051	1542.03024	1529.61460
2025-04-10T12:11:00Z	10382.00000	1553.80974	1543.38340	1530.40471	1553.94291	1543.41284	1530.51087
2025-04-10T12:11:01Z	10383.00000	1553.79485	1543.34379	1530.38784	1553.94843	1543.43080	1530.51861
2025-04-10T12:11:02Z	10384.00000	1553.79360	1543.34099	1530.38688	1553.95146	1543.43945	1530.52260
2025-04-10T12:11:03Z	10385.00000	1553.79275	1543.33913	1530.38624	1553.95376	1543.44547	1530.52566
2025-04-10T12:11:04Z	10386.00000	1553.79204	1543.33767	1530.38569	1553.87472	1543.30282	1530.43152
2025-04-10T12:11:05Z	10387.00000	1553.84879	1543.49651	1530.46130	1552.30971	1540.36839	1528.50717
2025-04-10T12:11:06Z	10387.00000	1553.93545	1543.74408	1530.59419	1550.87487	1537.85739	1534.97622	1145.01643
2025-04-10T12:11:07Z	10388.00000	1553.96518	1543.82583	1530.64846	1550.79338	1537.73063	1537.58744	1526.60815
2025-04-10T12:11:08Z	10389.00000	1553.96543	1543.82610	1530.64826	1550.79231	1537.73086	1537.58216	1526.60657
2025-04-10T12:11:08Z	10390.00000	1553.96574	1543.82652	1530.64832	1550.79192	1537.73073	1537.57895	1526.60601
2025-04-10T12:11:09Z	10391.00000	1553.96597	1543.82684	1530.64838	1550.79174	1537.73060	1537.57686	1526.60565
2025-04-10T12:11:10Z	10392.00000	1553.96614	1543.82712	1530.64845	1550.79164	1537.73055	1537.57186	1526.60539
2025-04-10T12:11:11Z	10393.00000	1553.96629	1543.82781	1530.64850	1550.79158	1537.73039	1537.56029	1526.60520
2025-04-10T12:11:12Z	10394.00000	1553.96641	1543.82801	1530.64853	1550.79154	1537.73039	1537.57251	1526.60503
2025-04-10T12:11:13Z	10395.00000	1553.94191	1543.77562	1530.61217	1552.06893	1539.98171	1528.20306
2025-04-10T12:11:14Z	10396.00000	1553.87159	1543.56978	1530.49088	1553.25610	1542.11368	1529.67054
2025-04-10T12:11:15Z	10397.00000	1553.80769	1543.37707	1530.40196	1553.94293	1543.41205	1530.51061
2025-04-10T12:11:16Z	10398.00000	1553.79518	1543.34433	1530.38814	1553.94823	1543.42921	1530.51805
2025-04-10T12:11:17Z	10399.00000	1553.79394	1543.34156	1530.38718	1553.95123	1543.43779	1530.52197
2025-04-10T12:11:18Z	10400.00000	1553.79312	1543.33977	1530.38653	1553.95342	1543.44360	1530.52482
2025-04-10T12:11:19Z	10401.00000	1553.79247	1543.33841	1530.38603	1553.95514	1543.44799	1530.52710
2025-04-10T12:11:20Z	10402.00000	1553.79187	1543.33723	1530.38560	1553.91188	1543.36974	1530.47570
2025-04-10T12:11:21Z	10402.00000	1553.84201	1543.47665	1530.45205	1552.41946	1540.57337	1528.63887
2025-04-10T12:11:22Z	10403.00000	1553.93199	1543.73429	1530.58789	1550.91604	1537.92041	1535.62692	1221.40988
2025-04-10T12:11:23Z	10404.00000	1553.96403	1543.82461	1530.64806	1550.79766	1537.73240	1537.58581	1526.60567
2025-04-10T12:11:23Z	10405.00000	1553.96442	1543.82506	1530.64788	1550.79667	1537.73255	1537.57666	1526.60417
2025-04-10T12:11:24Z	10406.00000	1553.96476	1543.82549	1530.64795	1550.79632	1537.73238	1537.57691	1526.60362
2025-04-10T12:11:25Z	10407.00000	1553.96504	1543.82586	1530.64803	1550.79621	1537.73229	1537.57475	1526.60331
2025-04-10T12:11:26Z	10408.00000	1553.96523	1543.82611	1530.64811	1550.79614	1537.73226	1537.57307	1526.60306
2025-04-10T12:11:27Z	10409.00000	1553.96540	1543.82633	1530.64817	1550.79608	1537.73204	1537.56830	1526.60287
2025-04-10T12:11:28Z	10410.00000	1553.96553	1543.82649	1530.64823	1550.79607	1537.73198	1537.56728	1526.60271
2025-04-10T12:11:29Z	10411.00000	1553.94979	1543.79419	1530.62520	1551.97886	1539.82418	1528.08759
2025-04-10T12:11:30Z	10412.00000	1553.87447	1543.57857	1530.49534	1553.21073	1542.02718	1529.61386
2025-04-10T12:11:31Z	10413.00000	1553.81051	1543.38475	1530.40535	1553.94252	1543.40978	1530.50977
2025-04-10T12:11:32Z	10414.00000	1553.79551	1543.34497	1530.38840	1553.94798	1543.42766	1530.51748
2025-04-10T12:11:33Z	10415.00000	1553.79423	1543.34211	1530.38742	1553.95105	1543.43646	1530.52155
2025-04-10T12:11:34Z	10416.00000	1553.79340	1543.34029	1530.38677	1553.95327	1543.44236	1530.52445
2025-04-10T12:11:35Z	10417.00000	1553.79273	1543.33892	1530.38627	1553.88083	1543.31153	1530.43839
2025-04-10T12:11:36Z	10417.00000	1553.84701	1543.49032	1530.45849	1552.35250	1540.44756	1528.56006
2025-04-10T12:11:37Z	10418.00000	1553.93570	1543.74373	1530.59345	1550.87728	1537.86733	1534.99866	1145.03013
2025-04-10T12:11:38Z	10419.00000	1553.96393	1543.82537	1530.64805	1550.79043	1537.73070	1537.58459	1526.61121
2025-04-10T12:11:38Z	10420.00000	1553.96425	1543.82573	1530.64788	1550.78954	1537.73088	1537.57893	1526.60970
2025-04-10T12:11:39Z	10421.00000	1553.96460	1543.82616	1530.64795	1550.78919	1537.73082	1537.57575	1526.60921
2025-04-10T12:11:40Z	10422.00000	1553.96486	1543.82649	1530.64804	1550.78905	1537.73067	1537.56698	1526.60888
2025-04-10T12:11:41Z	10423.00000	1553.96507	1543.82671	1530.64812	1550.78900	1537.73059	1537.57188	1526.60861
2025-04-10T12:11:42Z	10424.00000	1553.96520	1543.82692	1530.64818	1550.78894	1537.73045	1537.57044	1526.60844
2025-04-10T12:11:43Z	10425.00000	1553.96536	1543.82726	1530.64823	1550.78889	1537.73039	1537.56942	1526.60826
2025-04-10T12:11:44Z	10426.00000	1553.94507	1543.78488	1530.61832	1552.03390	1539.91357	1528.15563
2025-04-10T12:11:45Z	10427.00000	1553.87265	1543.57238	1530.49207	1553.25104	1542.10173	1529.66443
2025-04-10T12:11:46Z	10428.00000	1553.80935	1543.38122	1530.40379	1553.94221	1543.40840	1530.50931
2025-04-10T12:11:47Z	10429.00000	1553.79588	1543.34556	1530.38873	1553.94751	1543.42588	1530.51679
2025-04-10T12:11:48Z	10430.00000	1553.79464	1543.34279	1530.38776	1553.95056	1543.43450	1530.52085
2025-04-10T12:11:49Z	10431.00000	1553.79382	1543.34103	1530.38713	1553.95271	1543.44026	1530.52362
2025-04-10T12:11:50Z	10432.00000	1553.79316	1543.33963	1530.38661	1553.94581	1543.42826	1530.51551
2025-04-10T12:11:51Z	10432.00000	1553.83423	1543.45317	1530.44100	1552.54910	1540.82115	1528.80978
2025-04-10T12:11:52Z	10433.00000	1553.92643	1543.72002	1530.57886	1550.98161	1538.03497	1533.52764	916.09155
2025-04-10T12:11:52Z	10434.00000	1553.96478	1543.82809	1530.64869	1550.78380	1537.72688	1537.58363	1526.62021
2025-04-10T12:11:53Z	10435.00000	1553.96517	1543.82866	1530.64861	1550.78267	1537.72715	1537.57782	1526.61845
2025-04-10T12:11:54Z	10436.00000	1553.96550	1543.82908	1530.64868	1550.78231	1537.72707	1537.57445	1526.61788
2025-04-10T12:11:55Z	10437.00000	1553.96576	1543.82938	1530.64876	1550.78214	1537.72697	1537.57212	1526.61752
2025-04-10T12:11:56Z	10438.00000	1553.96596	1543.82963	1530.64884	1550.78207	1537.72690	1537.57044	1526.61726
2025-04-10T12:11:57Z	10439.00000	1553.96610	1543.82983	1530.64891	1550.78200	1537.72678	1537.56580	1526.61707
2025-04-10T12:11:58Z	10440.00000	1553.96629	1543.82996	1530.64896	1550.78196	1537.72672	1537.56172	1526.61692
2025-04-10T12:11:59Z	10441.00000	1553.96018	1543.81962	1530.64194	1551.82348	1539.55326	1527.89096
2025-04-10T12:12:00Z	10442.00000	1553.88144	1543.60021	1530.50671	1553.07740	1541.77956	1529.45482
2025-04-10T12:12:01Z	10443.00000	1553.82048	1543.41212	1530.41767	1553.93943	1543.39885	1530.50542
2025-04-10T12:12:02Z	10444.00000	1553.79647	1543.34680	1530.38924	1553.94653	1543.42248	1530.51542
2025-04-10T12:12:03Z	10445.00000	1553.79510	1543.34375	1530.38819	1553.94981	1543.43185	1530.51983
2025-04-10T12:12:04Z	10446.00000	1553.79425	1543.34181	1530.38751	1553.95214	1543.43811	1530.52290
2025-04-10T12:12:05Z	10446.00000	1553.79357	1543.34038	1530.38696	1553.94736	1543.42988	1530.51737
2025-04-10T12:12:06Z	10447.00000	1553.83567	1543.45686	1530.44282	1552.52383	1540.77391	1528.78188
2025-04-10T12:12:07Z	10448.00000	1553.92713	1543.72142	1530.57951	1550.98820	1538.04231	1534.08038	992.43306
2025-04-10T12:12:07Z	10449.00000	1553.96540	1543.82939	1530.64902	1550.78164	1537.72469	1537.58162	1526.62502
2025-04-10T12:12:08Z	10450.00000	1553.96577	1543.82985	1530.64893	1550.78037	1537.72513	1537.57604	1526.62310
2025-04-10T12:12:09Z	10451.00000	1553.96608	1543.83022	1530.64899	1550.77996	1537.72509	1537.56954	1526.62245
2025-04-10T12:12:10Z	10452.00000	1553.96635	1543.83056	1530.64908	1550.77971	1537.72501	1537.56734	1526.62206
2025-04-10T12:12:11Z	10453.00000	1553.96650	1543.83076	1530.64914	1550.77960	1537.72502	1537.56598	1526.62174
2025-04-10T12:12:12Z	10454.00000	1553.96665	1543.83093	1530.64919	1550.77950	1537.72490	1537.56758	1526.62153
2025-04-10T12:12:13Z	10455.00000	1553.96676	1543.83110	1530.64926	1550.77947	1537.72478	1537.56631	1526.62130
2025-04-10T12:12:14Z	10456.00000	1553.96686	1543.83119	1530.64930	1551.64209	1539.26234	1527.67357
2025-04-10T12:12:15Z	10457.00000	1553.88742	1543.61888	1530.51667	1552.95861	1541.56035	1529.31139
2025-04-10T12:12:16Z	10458.00000	1553.82806	1543.43326	1530.42720	1553.92007	1543.35976	1530.48221
2025-04-10T12:12:17Z	10459.00000	1553.79716	1543.34791	1530.38973	1553.94551	1543.41927	1530.51418
2025-04-10T12:12:18Z	10459.00000	1553.79566	1543.34456	1530.38858	1553.94907	1543.42934	1530.51886
2025-04-10T12:12:19Z	10460.00000	1553.79478	1543.34258	1530.38789	1553.95142	1543.43581	1530.52198
2025-04-10T12:12:20Z	10461.00000	1553.79407	1543.34107	1530.38732	1553.95332	1543.44071	1530.52447
2025-04-10T12:12:20Z	10462.00000	1553.82600	1543.42940	1530.42972	1552.66743	1541.04730	1528.96383
2025-04-10T12:12:21Z	10463.00000	1553.92208	1543.70757	1530.57124	1551.06432	1538.16525	1532.53638	763.43520
2025-04-10T12:12:22Z	10464.00000	1553.96670	1543.83159	1530.64969	1550.77436	1537.72055	1537.58153	1526.63360
2025-04-10T12:12:23Z	10465.00000	1553.96718	1543.83218	1530.64968	1550.77318	1537.72087	1537.56895	1526.63192
2025-04-10T12:12:24Z	10466.00000	1553.96748	1543.83259	1530.64981	1550.77292	1537.72090	1537.57210	1526.63128
2025-04-10T12:12:25Z	10467.00000	1553.96778	1543.83290	1530.64991	1550.77275	1537.72069	1537.56991	1526.63093
2025-04-10T12:12:26Z	10468.00000	1553.96797	1543.83314	1530.65000	1550.77264	1537.72068	1537.56823	1526.63070
2025-04-10T12:12:27Z	10469.00000	1553.96814	1543.83332	1530.65008	1550.77247	1537.72298	1537.56678	1526.63053
2025-04-10T12:12:28Z	10470.00000	1553.96825	1543.83349	1530.65015	1550.77255	1537.72540	1537.56582	1526.63033
2025-04-10T12:12:29Z	10471.00000	1553.96488	1543.82821	1530.64670	1551.76482	1539.45561	1527.82492
2025-04-10T12:12:30Z	10472.00000	1553.88358	1543.60628	1530.51015	1553.03957	1541.71316	1529.41796
2025-04-10T12:12:31Z	10473.00000	1553.82223	1543.41582	1530.41966	1553.93701	1543.39269	1530.50277
2025-04-10T12:12:32Z	10474.00000	1553.79739	1543.34802	1530.38994	1553.94568	1543.41913	1530.51447
2025-04-10T12:12:33Z	10475.00000	1553.79604	1543.34494	1530.38887	1553.94889	1543.42844	1530.51879
2025-04-10T12:12:34Z	10475.00000	1553.79516	1543.34305	1530.38819	1553.95119	1543.43473	1530.52173
2025-04-10T12:12:35Z	10476.00000	1553.79448	1543.34156	1530.38764	1553.95306	1543.43954	1530.52423
2025-04-10T12:12:35Z	10477.00000	1553.83154	1543.44433	1530.43691	1552.59697	1540.91377	1528.87806
2025-04-10T12:12:36Z	10478.00000	1553.92549	1543.71692	1530.57663	1551.01239	1538.08565	1534.14150	992.44858
2025-04-10T12:12:37Z	10479.00000	1553.96605	1543.83147	1530.64978	1550.77615	1537.72236	1537.58092	1526.63117
2025-04-10T12:12:38Z	10480.00000	1553.96661	1543.83216	1530.64987	1550.77535	1537.72244	1537.57477	1526.62961
2025-04-10T12:12:39Z	10481.00000	1553.96698	1543.83265	1530.64999	1550.77511	1537.72241	1537.56778	1526.62914
2025-04-10T12:12:40Z	10482.00000	1553.96730	1543.83297	1530.65010	1550.77497	1537.72229	1537.56901	1526.62888
2025-04-10T12:12:41Z	10483.00000	1553.96746	1543.83319	1530.65018	1550.77492	1537.72221	1537.56722	1526.62860
2025-04-10T12:12:42Z	10484.00000	1553.96758	1543.83337	1530.65026	1550.77487	1537.72216	1537.56610	1526.62844
2025-04-10T12:12:43Z	10485.00000	1553.96774	1543.83355	1530.65034	1550.77486	1537.72217	1537.56497	1526.62827
2025-04-10T12:12:44Z	10486.00000	1553.96785	1543.83366	1530.65041	1551.50129	1539.03872	1528.62139
2025-04-10T12:12:45Z	10487.00000	1553.88974	1543.62582	1530.52063	1552.92013	1541.49377	1529.27256
2025-04-10T12:12:46Z	10488.00000	1553.83007	1543.43778	1530.42968	1553.91312	1543.34436	1530.47364
2025-04-10T12:12:47Z	10489.00000	1553.79798	1543.34906	1530.39045	1553.94487	1543.41630	1530.51324
2025-04-10T12:12:48Z	10490.00000	1553.79652	1543.34577	1530.38933	1553.94823	1543.42613	1530.51763
2025-04-10T12:12:49Z	10490.00000	1553.79561	1543.34380	1530.38864	1553.95065	1543.43276	1530.52078
2025-04-10T12:12:50Z	10491.00000	1553.79493	1543.34234	1530.38809	1553.95251	1543.43754	1530.52320
2025-04-10T12:12:51Z	10492.00000	1553.79435	1543.34110	1530.38763	1553.95410	1543.44154	1530.52545
2025-04-10T12:12:51Z	10493.00000	1553.81030	1543.38520	1530.40889	1552.90779	1541.50428	1529.26323
2025-04-10T12:12:52Z	10494.00000	1553.90722	1543.66858	1530.54919	1551.32389	1538.59145	1530.13232	381.76074
2025-04-10T12:12:53Z	10495.00000	1553.96431	1543.82876	1530.64877	1550.78070	1537.72395	1537.57830	1526.62984
2025-04-10T12:12:54Z	10496.00000	1553.96579	1543.83119	1530.64965	1550.77908	1537.72424	1537.57462	1526.62768
2025-04-10T12:12:55Z	10497.00000	1553.96617	1543.83170	1530.64977	1550.77881	1537.72416	1537.56753	1526.62704
2025-04-10T12:12:56Z	10498.00000	1553.96646	1543.83208	1530.64990	1550.77869	1537.72413	1537.56822	1526.62667
2025-04-10T12:12:57Z	10499.00000	1553.96669	1543.83234	1530.64999	1550.77857	1537.72405	1537.56623	1526.62643
2025-04-10T12:12:58Z	10500.00000	1553.96689	1543.83258	1530.65008	1550.77853	1537.72400	1537.56494	1526.62622
2025-04-10T12:12:59Z	10501.00000	1553.96703	1543.83276	1530.65016	1550.77850	1537.72389	1537.56380	1526.62606
2025-04-10T12:13:00Z	10502.00000	1553.96716	1543.83289	1530.65023	1551.35045	1538.76890	1528.96707
2025-04-10T12:13:01Z	10503.00000	1553.89368	1543.63721	1530.52685	1552.84908	1541.36307	1529.18581
2025-04-10T12:13:02Z	10504.00000	1553.83438	1543.44992	1530.43527	1553.89050	1543.29988	1530.44635
2025-04-10T12:13:03Z	10505.00000	1553.79833	1543.34964	1530.39076	1553.94484	1543.41534	1530.51307
2025-04-10T12:13:04Z	10505.00000	1553.79676	1543.34617	1530.38958	1553.94828	1543.42546	1530.51759
2025-04-10T12:13:05Z	10506.00000	1553.79585	1543.34417	1530.38885	1553.95065	1543.43202	1530.52063
2025-04-10T12:13:05Z	10507.00000	1553.79517	1543.34270	1530.38830	1553.95248	1543.43684	1530.52300
2025-04-10T12:13:06Z	10508.00000	1553.79460	1543.34155	1530.38785	1553.95392	1543.44053	1530.52482
2025-04-10T12:13:07Z	10509.00000	1553.80347	1543.36627	1530.39980	1553.06003	1541.79248	1529.45258
2025-04-10T12:13:08Z	10510.00000	1553.89922	1543.64660	1530.53728	1551.45980	1538.82396	1528.06582
2025-04-10T12:13:09Z	10511.00000	1553.96336	1543.82687	1530.64718	1550.77835	1537.72214	1537.57845	1526.63508
2025-04-10T12:13:10Z	10512.00000	1553.96577	1543.83208	1530.64994	1550.77630	1537.72241	1537.57090	1526.63248
2025-04-10T12:13:11Z	10513.00000	1553.96615	1543.83261	1530.65005	1550.77601	1537.72246	1537.57023	1526.63172
2025-04-10T12:13:12Z	10514.00000	1553.96645	1543.83301	1530.65020	1550.77584	1537.72236	1537.56762	1526.63137
2025-04-10T12:13:13Z	10515.00000	1553.96666	1543.83331	1530.65030	1550.77573	1537.72237	1537.56602	1526.63112
2025-04-10T12:13:14Z	10516.00000	1553.96688	1543.83352	1530.65039	1550.77573	1537.72221	1537.56441	1526.63085
2025-04-10T12:13:15Z	10517.00000	1553.96699	1543.83368	1530.65046	1550.77570	1537.72224	1537.56049	1526.63062
2025-04-10T12:13:16Z	10518.00000	1553.96712	1543.83383	1530.65055	1551.12087	1538.37186	1531.98192
2025-04-10T12:13:17Z	10519.00000	1553.89900	1543.65520	1530.53628	1552.73828	1541.16370	1529.05258
2025-04-10T12:13:18Z	10519.00000	1553.84085	1543.46946	1530.44415	1553.83283	1543.18925	1530.37704
2025-04-10T12:13:19Z	10520.00000	1553.79875	1543.35066	1530.39125	1553.94427	1543.41299	1530.51215
2025-04-10T12:13:20Z	10521.00000	1553.79705	1543.34687	1530.38998	1553.94793	1543.42393	1530.51704
2025-04-10T12:13:20Z	10522.00000	1553.79609	1543.34471	1530.38920	1553.95045	1543.43084	1530.52025
2025-04-10T12:13:21Z	10523.00000	1553.79535	1543.34319	1530.38864	1553.95235	1543.43586	1530.52274
2025-04-10T12:13:22Z	10524.00000	1553.80612	1543.37299	1530.40310	1553.00632	1541.68946	1529.38812
2025-04-10T12:13:23Z	10525.00000	1553.90433	1543.66123	1530.54513	1551.37025	1538.67118	1529.08224	229.06312
2025-04-10T12:13:24Z	10526.00000	1553.96690	1543.83363	1530.64962	1550.74405	1537.71149	1526.66218
2025-04-10T12:13:25Z	10527.00000	1553.96839	1543.83650	1530.65109	1550.74363	1537.71214	1526.66095
2025-04-10T12:13:26Z	10528.00000	1553.96888	1543.83703	1530.65130	1550.74371	1537.70908	1526.66067
2025-04-10T12:13:27Z	10529.00000	1553.96926	1543.83746	1530.65148	1550.74380	1537.70889	1526.66054
2025-04-10T12:13:28Z	10530.00000	1553.96948	1543.83775	1530.65161	1550.74385	1537.70879	1526.66045
2025-04-10T12:13:29Z	10531.00000	1553.96968	1543.83798	1530.65172	1550.74394	1537.70861	1526.66037
2025-04-10T12:13:30Z	10532.00000	1553.96984	1543.83818	1530.65183	1550.74400	1537.70853	1526.66030
2025-04-10T12:13:31Z	10533.00000	1553.96998	1543.83833	1530.65190	1551.09193	1538.33269	1527.59180
2025-04-10T12:13:32Z	10534.00000	1553.90059	1543.66031	1530.53913	1552.70601	1541.10227	1529.01286
2025-04-10T12:13:33Z	10534.00000	1553.84258	1543.47486	1530.44662	1553.81264	1543.15023	1530.35275
2025-04-10T12:13:34Z	10535.00000	1553.79909	1543.35145	1530.39169	1553.94347	1543.41085	1530.51118
2025-04-10T12:13:34Z	10536.00000	1553.79733	1543.34751	1530.39033	1553.94735	1543.42230	1530.51636
2025-04-10T12:13:35Z	10537.00000	1553.79632	1543.34535	1530.38956	1553.94993	1543.42919	1530.51961
2025-04-10T12:13:36Z	10538.00000	1553.79561	1543.34383	1530.38899	1553.95181	1543.43425	1530.52203
2025-04-10T12:13:37Z	10539.00000	1553.79505	1543.34263	1530.38852	1553.95331	1543.43811	1530.52393
2025-04-10T12:13:38Z	10540.00000	1553.79459	1543.34166	1530.38814	1553.95454	1543.44126	1530.52551
2025-04-10T12:13:39Z	10541.00000	1553.79419	1543.34085	1530.38781	1553.95555	1543.44384	1530.52680
2025-04-10T12:13:40Z	10542.00000	1553.79387	1543.34013	1530.38753	1553.95663	1543.44635	1530.52843
2025-04-10T12:13:41Z	10543.00000	1553.79342	1543.33938	1530.38720	1553.95738	1543.44828	1530.52940
2025-04-10T12:13:42Z	10544.00000	1553.79318	1543.33881	1530.38699	1553.95804	1543.44995	1530.53021
2025-04-10T12:13:43Z	10545.00000	1553.79291	1543.33829	1530.38677	1553.95865	1543.45151	1530.53099
2025-04-10T12:13:44Z	10546.00000	1553.79266	1543.33783	1530.38658	1553.95918	1543.45286	1530.53165
2025-04-10T12:13:45Z	10547.00000	1553.79242	1543.33738	1530.38641	1553.95970	1543.45413	1530.53229
