Timestamp	Time [s]	WL 1[nm]	WL 2[nm]	WL 3[nm]	WL 4[nm]	WL 5[nm]	WL 6[nm]	WL 7[nm]	WL 8[nm]	
2025-04-10T11:52:09Z	9251.00000	1553.78601	1543.32071	1530.38732	1553.98564	1543.54032	1530.55679
2025-04-10T11:52:10Z	9252.00000	1553.78597	1543.32063	1530.38728	1553.98591	1543.54048	1530.55686
2025-04-10T11:52:11Z	9252.00000	1553.78595	1543.32063	1530.38728	1553.98561	1543.54028	1530.55674
2025-04-10T11:52:12Z	9253.00000	1553.78593	1543.32055	1530.38722	1553.98577	1543.54039	1530.55681
2025-04-10T11:52:13Z	9254.00000	1553.78595	1543.32053	1530.38724	1553.98573	1543.54036	1530.55681
2025-04-10T11:52:13Z	9255.00000	1553.78591	1543.32047	1530.38717	1553.98560	1543.54028	1530.55672
2025-04-10T11:52:14Z	9256.00000	1553.79055	1543.33325	1530.39464	1553.17729	1542.33524	1529.71084
2025-04-10T11:52:15Z	9257.00000	1553.86528	1543.54903	1530.52420	1551.49315	1539.83087	1527.94365
2025-04-10T11:52:16Z	9258.00000	1553.91047	1543.68372	1530.61438	1551.08859	1539.24540	1527.49544
2025-04-10T11:52:17Z	9259.00000	1553.91324	1543.68628	1530.61545	1551.09005	1539.24289	1527.49606
2025-04-10T11:52:18Z	9260.00000	1553.91484	1543.68758	1530.61601	1551.09110	1539.24149	1527.49678
2025-04-10T11:52:19Z	9261.00000	1553.91542	1543.68851	1530.61640	1551.09191	1539.24059	1527.49728
2025-04-10T11:52:20Z	9262.00000	1553.91595	1543.68928	1530.61676	1551.09253	1539.23987	1527.49769
2025-04-10T11:52:21Z	9263.00000	1553.91633	1543.68988	1530.61702	1551.09310	1539.23935	1527.49803
2025-04-10T11:52:22Z	9264.00000	1553.91666	1543.69038	1530.61724	1551.09359	1539.23885	1527.49834
2025-04-10T11:52:23Z	9265.00000	1553.91696	1543.69083	1530.61744	1551.29595	1539.53559	1527.67560
2025-04-10T11:52:24Z	9265.00000	1553.87946	1543.59248	1530.54715	1552.62578	1541.44693	1529.05911
2025-04-10T11:52:25Z	9266.00000	1553.83823	1543.45931	1530.46319	1553.69818	1543.08398	1530.24116
2025-04-10T11:52:26Z	9267.00000	1553.79306	1543.33544	1530.39370	1553.96782	1543.50450	1530.53620
2025-04-10T11:52:26Z	9268.00000	1553.79171	1543.33246	1530.39247	1553.97130	1543.51136	1530.53979
2025-04-10T11:52:27Z	9269.00000	1553.79109	1543.33104	1530.39181	1553.97317	1543.51530	1530.54202
2025-04-10T11:52:28Z	9270.00000	1553.79060	1543.33001	1530.39135	1553.97472	1543.51806	1530.54354
2025-04-10T11:52:29Z	9271.00000	1553.79022	1543.32921	1530.39094	1553.97569	1543.52008	1530.54479
2025-04-10T11:52:30Z	9272.00000	1553.79030	1543.32981	1530.39127	1553.41546	1542.67485	1529.93962
2025-04-10T11:52:31Z	9273.00000	1553.86061	1543.52833	1530.50773	1551.71256	1540.14029	1528.18194
2025-04-10T11:52:32Z	9274.00000	1553.91458	1543.68719	1530.61508	1551.07926	1539.23478	1527.51656
2025-04-10T11:52:33Z	9275.00000	1553.91738	1543.69107	1530.61721	1551.08054	1539.23198	1527.51655
2025-04-10T11:52:34Z	9276.00000	1553.91796	1543.69193	1530.61754	1551.08129	1539.23059	1527.51686
2025-04-10T11:52:35Z	9277.00000	1553.91835	1543.69250	1530.61777	1551.08184	1539.22964	1527.51711
2025-04-10T11:52:36Z	9277.00000	1553.91864	1543.69296	1530.61796	1551.08228	1539.22895	1527.51730
2025-04-10T11:52:37Z	9278.00000	1553.91886	1543.69333	1530.61811	1551.08263	1539.22844	1527.51746
2025-04-10T11:52:37Z	9279.00000	1553.91907	1543.69366	1530.61822	1551.08297	1539.22801	1527.51759
2025-04-10T11:52:38Z	9280.00000	1553.91925	1543.69392	1530.61832	1551.08324	1539.22758	1527.51771
2025-04-10T11:52:39Z	9281.00000	1553.89687	1543.64367	1530.58219	1552.25252	1540.88870	1528.64399
2025-04-10T11:52:40Z	9282.00000	1553.85574	1543.51091	1530.49233	1553.34660	1542.53996	1529.85208
2025-04-10T11:52:41Z	9283.00000	1553.80166	1543.35778	1530.40516	1553.96150	1543.49250	1530.52966
2025-04-10T11:52:42Z	9284.00000	1553.79306	1543.33522	1530.39330	1553.96585	1543.50205	1530.53454
2025-04-10T11:52:43Z	9285.00000	1553.79222	1543.33336	1530.39245	1553.96829	1543.50704	1530.53729
2025-04-10T11:52:44Z	9286.00000	1553.79167	1543.33218	1530.39190	1553.97010	1543.51044	1530.53924
2025-04-10T11:52:45Z	9287.00000	1553.79121	1543.33130	1530.39148	1553.73818	1543.16079	1530.28733
2025-04-10T11:52:46Z	9288.00000	1553.84805	1543.48990	1530.48313	1552.03038	1540.59991	1528.50059
2025-04-10T11:52:47Z	9289.00000	1553.91222	1543.67965	1530.60830	1551.06554	1539.22457	1527.54115
2025-04-10T11:52:48Z	9290.00000	1553.91936	1543.69441	1530.61840	1551.06651	1539.22144	1527.53962
2025-04-10T11:52:49Z	9290.00000	1553.91980	1543.69513	1530.61870	1551.06714	1539.22012	1527.53962
2025-04-10T11:52:50Z	9291.00000	1553.92012	1543.69564	1530.61890	1551.06763	1539.21927	1527.53967
2025-04-10T11:52:50Z	9292.00000	1553.92037	1543.69602	1530.61906	1551.06799	1539.21858	1527.53972
2025-04-10T11:52:51Z	9293.00000	1553.92056	1543.69634	1530.61919	1551.06830	1539.21807	1527.53975
2025-04-10T11:52:52Z	9294.00000	1553.92071	1543.69658	1530.61930	1551.06854	1539.21768	1527.53981
2025-04-10T11:52:53Z	9295.00000	1553.92086	1543.69676	1530.61939	1551.06875	1539.21733	1527.53987
2025-04-10T11:52:54Z	9296.00000	1553.91785	1543.69156	1530.61594	1551.89045	1540.36357	1528.25567
2025-04-10T11:52:55Z	9297.00000	1553.86912	1543.55391	1530.51846	1553.01865	1542.03198	1529.48548
2025-04-10T11:52:56Z	9298.00000	1553.82000	1543.40666	1530.43212	1553.93652	1543.45100	1530.50247
2025-04-10T11:52:57Z	9299.00000	1553.79414	1543.33756	1530.39411	1553.96176	1543.49470	1530.53037
2025-04-10T11:52:58Z	9300.00000	1553.79316	1543.33532	1530.39315	1553.96483	1543.50077	1530.53362
2025-04-10T11:52:59Z	9301.00000	1553.79251	1543.33399	1530.39253	1553.96672	1543.50462	1530.53575
2025-04-10T11:53:00Z	9302.00000	1553.79204	1543.33299	1530.39205	1553.96824	1543.50752	1530.53742
2025-04-10T11:53:01Z	9302.00000	1553.79166	1543.33223	1530.39170	1553.96155	1543.49751	1530.53011
2025-04-10T11:53:02Z	9303.00000	1553.82430	1543.42044	1530.44233	1552.55550	1541.36674	1529.01450
2025-04-10T11:53:02Z	9304.00000	1553.89729	1543.63532	1530.57693	1551.08019	1539.24394	1527.55676
2025-04-10T11:53:03Z	9305.00000	1553.91950	1543.69477	1530.61808	1551.06838	1539.22124	1527.54047
2025-04-10T11:53:04Z	9306.00000	1553.92003	1543.69565	1530.61846	1551.06910	1539.21970	1527.54032
2025-04-10T11:53:05Z	9307.00000	1553.92041	1543.69619	1530.61870	1551.06960	1539.21877	1527.54030
2025-04-10T11:53:06Z	9308.00000	1553.92063	1543.69659	1530.61888	1551.06994	1539.21806	1527.54032
2025-04-10T11:53:07Z	9309.00000	1553.92085	1543.69690	1530.61902	1551.07024	1539.21744	1527.54034
2025-04-10T11:53:08Z	9310.00000	1553.92100	1543.69713	1530.61912	1551.07050	1539.21703	1527.54039
2025-04-10T11:53:09Z	9311.00000	1553.92113	1543.69737	1530.61922	1551.07072	1539.21672	1527.54040
2025-04-10T11:53:10Z	9312.00000	1553.92126	1543.69753	1530.61930	1551.41537	1539.70989	1527.81896
2025-04-10T11:53:11Z	9313.00000	1553.87967	1543.58895	1530.54114	1552.73272	1541.59061	1529.15798
2025-04-10T11:53:12Z	9314.00000	1553.83569	1543.45036	1530.45625	1553.77697	1543.19846	1530.32229
2025-04-10T11:53:13Z	9314.00000	1553.79486	1543.33944	1530.39468	1553.95940	1543.48924	1530.52718
2025-04-10T11:53:14Z	9315.00000	1553.79363	1543.33664	1530.39352	1553.96294	1543.49644	1530.53093
2025-04-10T11:53:15Z	9316.00000	1553.79292	1543.33511	1530.39284	1553.96501	1543.50078	1530.53328
2025-04-10T11:53:15Z	9317.00000	1553.79243	1543.33406	1530.39234	1553.96662	1543.50390	1530.53505
2025-04-10T11:53:16Z	9318.00000	1553.79199	1543.33318	1530.39190	1553.96796	1543.50636	1530.53647
2025-04-10T11:53:17Z	9319.00000	1553.79543	1543.34232	1530.39717	1553.21982	1542.36391	1529.70793
2025-04-10T11:53:18Z	9320.00000	1553.87212	1543.55811	1530.52333	1551.51141	1539.81791	1527.94164
2025-04-10T11:53:19Z	9321.00000	1553.92060	1543.69603	1530.61814	1551.09669	1539.22175	1527.52941
2025-04-10T11:53:20Z	9322.00000	1553.92150	1543.69735	1530.61873	1551.09702	1539.22000	1527.52877
2025-04-10T11:53:21Z	9323.00000	1553.92188	1543.69791	1530.61896	1551.09739	1539.21882	1527.52873
2025-04-10T11:53:22Z	9324.00000	1553.92213	1543.69829	1530.61912	1551.09767	1539.21789	1527.52874
2025-04-10T11:53:23Z	9325.00000	1553.92237	1543.69860	1530.61927	1551.09794	1539.21735	1527.52875
2025-04-10T11:53:24Z	9326.00000	1553.92254	1543.69885	1530.61936	1551.09813	1539.21688	1527.52875
2025-04-10T11:53:25Z	9327.00000	1553.92267	1543.69904	1530.61944	1551.09829	1539.21649	1527.52879
2025-04-10T11:53:26Z	9327.00000	1553.92283	1543.69920	1530.61950	1551.10154	1539.23253	1527.52762
2025-04-10T11:53:27Z	9328.00000	1553.88968	1543.62230	1530.56341	1552.43457	1541.13507	1528.81174
2025-04-10T11:53:27Z	9329.00000	1553.85072	1543.49262	1530.47940	1553.49365	1542.75429	1529.99845
2025-04-10T11:53:28Z	9330.00000	1553.79776	1543.34673	1530.39802	1553.95708	1543.48387	1530.52421
2025-04-10T11:53:29Z	9331.00000	1553.79423	1543.33797	1530.39381	1553.96085	1543.49242	1530.52849
2025-04-10T11:53:30Z	9332.00000	1553.79345	1543.33624	1530.39305	1553.96317	1543.49728	1530.53112
2025-04-10T11:53:31Z	9333.00000	1553.79290	1543.33506	1530.39250	1553.96490	1543.50070	1530.53303
2025-04-10T11:53:32Z	9334.00000	1553.79243	1543.33417	1530.39203	1553.96623	1543.50334	1530.53461
2025-04-10T11:53:33Z	9335.00000	1553.79204	1543.33339	1530.39166	1553.69360	1543.08650	1530.22898
2025-04-10T11:53:34Z	9336.00000	1553.85178	1543.49623	1530.48440	1552.02507	1540.54814	1528.41863
2025-04-10T11:53:35Z	9337.00000	1553.91655	1543.68443	1530.60930	1551.10272	1539.22291	1527.52801
2025-04-10T11:53:36Z	9338.00000	1553.92227	1543.69770	1530.61829	1551.10268	1539.22059	1527.52620
2025-04-10T11:53:37Z	9339.00000	1553.92264	1543.69826	1530.61848	1551.10297	1539.21918	1527.52604
2025-04-10T11:53:38Z	9339.00000	1553.92289	1543.69869	1530.61867	1551.10326	1539.21837	1527.52605
2025-04-10T11:53:39Z	9340.00000	1553.92315	1543.69903	1530.61883	1551.10346	1539.21776	1527.52608
2025-04-10T11:53:39Z	9341.00000	1553.92333	1543.69927	1530.61893	1551.10365	1539.21725	1527.52611
2025-04-10T11:53:40Z	9342.00000	1553.92348	1543.69950	1530.61901	1551.10382	1539.21684	1527.52614
2025-04-10T11:53:41Z	9343.00000	1553.92358	1543.69966	1530.61908	1551.10394	1539.21652	1527.52618
2025-04-10T11:53:42Z	9344.00000	1553.90846	1543.66988	1530.59788	1552.09700	1540.64349	1528.43367
2025-04-10T11:53:43Z	9345.00000	1553.86372	1543.53252	1530.50249	1553.20756	1542.30966	1529.67551
2025-04-10T11:53:44Z	9346.00000	1553.81104	1543.38152	1530.41665	1553.95424	1543.47700	1530.52083
2025-04-10T11:53:45Z	9347.00000	1553.79476	1543.33928	1530.39395	1553.95848	1543.48814	1530.52610
2025-04-10T11:53:46Z	9348.00000	1553.79387	1543.33725	1530.39308	1553.96111	1543.49374	1530.52907
2025-04-10T11:53:47Z	9349.00000	1553.79325	1543.33596	1530.39249	1553.96298	1543.49750	1530.53116
2025-04-10T11:53:48Z	9350.00000	1553.79277	1543.33497	1530.39202	1553.96438	1543.50036	1530.53288
2025-04-10T11:53:49Z	9351.00000	1553.79231	1543.33411	1530.39160	1553.95603	1543.48766	1530.52345
2025-04-10T11:53:50Z	9351.00000	1553.82614	1543.42419	1530.44276	1552.56412	1541.35185	1528.98185
2025-04-10T11:53:51Z	9352.00000	1553.90057	1543.63855	1530.57562	1551.12138	1539.24424	1527.53806
2025-04-10T11:53:51Z	9353.00000	1553.92301	1543.69812	1530.61768	1551.11122	1539.22126	1527.52284
2025-04-10T11:53:52Z	9354.00000	1553.92346	1543.69880	1530.61794	1551.11150	1539.21971	1527.52270
2025-04-10T11:53:53Z	9355.00000	1553.92376	1543.69927	1530.61815	1551.11175	1539.21873	1527.52274
2025-04-10T11:53:54Z	9356.00000	1553.92402	1543.69959	1530.61830	1551.11193	1539.21805	1527.52277
2025-04-10T11:53:55Z	9357.00000	1553.92418	1543.69986	1530.61842	1551.11209	1539.21750	1527.52279
2025-04-10T11:53:56Z	9358.00000	1553.92433	1543.70004	1530.61849	1551.11223	1539.21713	1527.52284
2025-04-10T11:53:57Z	9359.00000	1553.92445	1543.70024	1530.61860	1551.11234	1539.21673	1527.52286
2025-04-10T11:53:58Z	9360.00000	1553.92438	1543.70016	1530.61850	1551.72612	1540.13161	1528.06079
2025-04-10T11:53:59Z	9361.00000	1553.87438	1543.57029	1530.52743	1552.90739	1541.86043	1529.36151
2025-04-10T11:54:00Z	9362.00000	1553.82702	1543.42599	1530.44129	1553.88767	1543.37262	1530.44840
2025-04-10T11:54:01Z	9363.00000	1553.79519	1543.34053	1530.39425	1553.95563	1543.48380	1530.52377
2025-04-10T11:54:02Z	9364.00000	1553.79407	1543.33806	1530.39320	1553.95872	1543.49032	1530.52720
2025-04-10T11:54:03Z	9364.00000	1553.79337	1543.33663	1530.39253	1553.96073	1543.49444	1530.52944
2025-04-10T11:54:04Z	9365.00000	1553.79288	1543.33559	1530.39204	1553.96232	1543.49755	1530.53123
2025-04-10T11:54:04Z	9366.00000	1553.79242	1543.33469	1530.39162	1553.96359	1543.49998	1530.53271
2025-04-10T11:54:05Z	9367.00000	1553.80518	1543.36880	1530.41122	1552.93902	1541.93988	1529.42036
2025-04-10T11:54:06Z	9368.00000	1553.88461	1543.59433	1530.54651	1551.29358	1539.48846	1527.72048
2025-04-10T11:54:07Z	9369.00000	1553.92234	1543.69793	1530.61747	1551.11197	1539.21805	1527.52845
2025-04-10T11:54:08Z	9370.00000	1553.92299	1543.69890	1530.61787	1551.11233	1539.21656	1527.52789
2025-04-10T11:54:09Z	9371.00000	1553.92335	1543.69941	1530.61808	1551.11260	1539.21560	1527.52783
2025-04-10T11:54:10Z	9372.00000	1553.92360	1543.69977	1530.61824	1551.11282	1539.21489	1527.52780
2025-04-10T11:54:11Z	9373.00000	1553.92380	1543.70005	1530.61835	1551.11301	1539.21437	1527.52778
2025-04-10T11:54:12Z	9374.00000	1553.92398	1543.70025	1530.61845	1551.11314	1539.21390	1527.52777
2025-04-10T11:54:13Z	9375.00000	1553.92407	1543.70045	1530.61852	1551.11327	1539.21359	1527.52777
2025-04-10T11:54:14Z	9376.00000	1553.92419	1543.70061	1530.61860	1551.27929	1539.48181	1527.65940
2025-04-10T11:54:15Z	9376.00000	1553.88349	1543.60286	1530.54921	1552.59261	1541.39051	1529.01865
2025-04-10T11:54:16Z	9377.00000	1553.84166	1543.46848	1530.46486	1553.66521	1543.02643	1530.20244
2025-04-10T11:54:17Z	9378.00000	1553.79590	1543.34233	1530.39466	1553.95326	1543.47927	1530.52138
2025-04-10T11:54:17Z	9379.00000	1553.79449	1543.33908	1530.39337	1553.95691	1543.48707	1530.52538
2025-04-10T11:54:18Z	9380.00000	1553.79369	1543.33744	1530.39264	1553.95913	1543.49171	1530.52786
2025-04-10T11:54:19Z	9381.00000	1553.79316	1543.33631	1530.39212	1553.96087	1543.49507	1530.52971
2025-04-10T11:54:20Z	9382.00000	1553.79269	1543.33540	1530.39170	1553.96219	1543.49767	1530.53126
2025-04-10T11:54:21Z	9383.00000	1553.79269	1543.33583	1530.39193	1553.40904	1542.65738	1529.92788
2025-04-10T11:54:22Z	9384.00000	1553.86399	1543.53512	1530.50816	1551.74941	1540.13577	1528.16839
2025-04-10T11:54:23Z	9385.00000	1553.92010	1543.69472	1530.61347	1551.13460	1539.23150	1527.49965
2025-04-10T11:54:24Z	9386.00000	1553.92214	1543.69811	1530.61548	1551.13482	1539.22912	1527.49854
2025-04-10T11:54:25Z	9387.00000	1553.92254	1543.69868	1530.61574	1551.13514	1539.22792	1527.49842
2025-04-10T11:54:26Z	9388.00000	1553.92283	1543.69903	1530.61590	1551.13541	1539.22713	1527.49841
2025-04-10T11:54:27Z	9388.00000	1553.92307	1543.69934	1530.61604	1551.13560	1539.22654	1527.49841
2025-04-10T11:54:28Z	9389.00000	1553.92319	1543.69955	1530.61614	1551.13576	1539.22607	1527.49843
2025-04-10T11:54:29Z	9390.00000	1553.92337	1543.69973	1530.61621	1551.13591	1539.22570	1527.49840
2025-04-10T11:54:29Z	9391.00000	1553.92346	1543.69988	1530.61628	1551.13601	1539.22534	1527.49844
2025-04-10T11:54:30Z	9392.00000	1553.89619	1543.64133	1530.57532	1552.28263	1540.92543	1528.66001
2025-04-10T11:54:31Z	9393.00000	1553.85603	1543.51082	1530.48907	1553.36868	1542.56887	1529.87202
2025-04-10T11:54:32Z	9394.00000	1553.80213	1543.35911	1530.40331	1553.95085	1543.47395	1530.51842
2025-04-10T11:54:33Z	9395.00000	1553.79484	1543.34006	1530.39352	1553.95508	1543.48368	1530.52326
2025-04-10T11:54:34Z	9396.00000	1553.79393	1543.33818	1530.39267	1553.95764	1543.48896	1530.52612
2025-04-10T11:54:35Z	9397.00000	1553.79335	1543.33696	1530.39212	1553.95957	1543.49268	1530.52818
2025-04-10T11:54:36Z	9398.00000	1553.79286	1543.33600	1530.39167	1553.96094	1543.49540	1530.52977
2025-04-10T11:54:37Z	9399.00000	1553.79251	1543.33525	1530.39129	1553.82608	1543.29084	1530.38202
2025-04-10T11:54:38Z	9400.00000	1553.84262	1543.47211	1530.46982	1552.20797	1540.82724	1528.64488
2025-04-10T11:54:39Z	9401.00000	1553.91201	1543.67365	1530.59759	1551.14097	1539.23210	1527.49936
2025-04-10T11:54:40Z	9401.00000	1553.92234	1543.69869	1530.61519	1551.14118	1539.22808	1527.49716
2025-04-10T11:54:41Z	9402.00000	1553.92279	1543.69931	1530.61547	1551.14158	1539.22663	1527.49702
2025-04-10T11:54:41Z	9403.00000	1553.92313	1543.69973	1530.61568	1551.14189	1539.22572	1527.49701
2025-04-10T11:54:42Z	9404.00000	1553.92337	1543.70004	1530.61581	1551.14209	1539.22510	1527.49703
2025-04-10T11:54:43Z	9405.00000	1553.92354	1543.70024	1530.61591	1551.14227	1539.22454	1527.49702
2025-04-10T11:54:44Z	9406.00000	1553.92370	1543.70046	1530.61600	1551.14238	1539.22417	1527.49703
2025-04-10T11:54:45Z	9407.00000	1553.92380	1543.70061	1530.61604	1551.14249	1539.22382	1527.49703
2025-04-10T11:54:46Z	9408.00000	1553.91728	1543.68852	1530.60786	1551.93891	1540.41978	1528.25986
2025-04-10T11:54:47Z	9409.00000	1553.86832	1543.55018	1530.51314	1553.06506	1542.10160	1529.53544
2025-04-10T11:54:48Z	9410.00000	1553.81821	1543.40248	1530.42695	1553.93916	1543.45336	1530.50548
2025-04-10T11:54:49Z	9411.00000	1553.79529	1543.34119	1530.39364	1553.95319	1543.48028	1530.52135
2025-04-10T11:54:50Z	9412.00000	1553.79427	1543.33899	1530.39269	1553.95607	1543.48634	1530.52456
2025-04-10T11:54:51Z	9413.00000	1553.79363	1543.33763	1530.39206	1553.95803	1543.49032	1530.52676
2025-04-10T11:54:52Z	9414.00000	1553.79311	1543.33660	1530.39159	1553.95952	1543.49333	1530.52845
2025-04-10T11:54:53Z	9414.00000	1553.79269	1543.33576	1530.39118	1553.96045	1543.49508	1530.52945
2025-04-10T11:54:54Z	9415.00000	1553.82141	1543.41248	1530.43520	1552.63360	1541.47307	1529.09302
2025-04-10T11:54:54Z	9416.00000	1553.89839	1543.63299	1530.56980	1551.17244	1539.26992	1527.53190
2025-04-10T11:54:55Z	9417.00000	1553.92277	1543.69979	1530.61525	1551.14644	1539.22564	1527.49778
2025-04-10T11:54:56Z	9418.00000	1553.92324	1543.70027	1530.61546	1551.14658	1539.22437	1527.49737
2025-04-10T11:54:57Z	9419.00000	1553.92351	1543.70070	1530.61563	1551.14677	1539.22342	1527.49730
2025-04-10T11:54:58Z	9420.00000	1553.92377	1543.70098	1530.61574	1551.14693	1539.22283	1527.49725
2025-04-10T11:54:59Z	9421.00000	1553.92396	1543.70121	1530.61582	1551.14707	1539.22229	1527.49724
2025-04-10T11:55:00Z	9422.00000	1553.92409	1543.70137	1530.61591	1551.14719	1539.22188	1527.49721
2025-04-10T11:55:01Z	9423.00000	1553.92420	1543.70153	1530.61597	1551.14730	1539.22159	1527.49720
2025-04-10T11:55:02Z	9424.00000	1553.92432	1543.70166	1530.61603	1551.63968	1540.00203	1527.94734
2025-04-10T11:55:03Z	9425.00000	1553.87740	1543.57459	1530.52791	1552.86277	1541.79502	1529.31383
2025-04-10T11:55:04Z	9426.00000	1553.82818	1543.42977	1530.44196	1553.87693	1543.35522	1530.43691
2025-04-10T11:55:05Z	9427.00000	1553.79562	1543.34211	1530.39365	1553.95163	1543.47732	1530.51965
2025-04-10T11:55:06Z	9427.00000	1553.79443	1543.33954	1530.39258	1553.95472	1543.48394	1530.52313
2025-04-10T11:55:07Z	9428.00000	1553.79375	1543.33808	1530.39193	1553.95668	1543.48814	1530.52545
2025-04-10T11:55:07Z	9429.00000	1553.79322	1543.33700	1530.39142	1553.95831	1543.49131	1530.52722
2025-04-10T11:55:08Z	9430.00000	1553.81171	1543.38667	1530.41998	1552.80961	1541.74279	1529.28656
2025-04-10T11:55:09Z	9431.00000	1553.89143	1543.61246	1530.55618	1551.24801	1539.37275	1527.60953
2025-04-10T11:55:10Z	9432.00000	1553.92243	1543.70031	1530.61512	1551.15109	1539.22577	1527.49569
2025-04-10T11:55:11Z	9433.00000	1553.92299	1543.70091	1530.61537	1551.15118	1539.22441	1527.49515
2025-04-10T11:55:12Z	9434.00000	1553.92332	1543.70129	1530.61554	1551.15134	1539.22344	1527.49502
2025-04-10T11:55:13Z	9435.00000	1553.92354	1543.70156	1530.61565	1551.15148	1539.22275	1527.49496
2025-04-10T11:55:14Z	9436.00000	1553.92373	1543.70178	1530.61573	1551.15158	1539.22225	1527.49491
2025-04-10T11:55:15Z	9437.00000	1553.92389	1543.70197	1530.61580	1551.15166	1539.22186	1527.49487
2025-04-10T11:55:16Z	9438.00000	1553.92401	1543.70210	1530.61589	1551.15177	1539.22155	1527.49486
2025-04-10T11:55:17Z	9439.00000	1553.92409	1543.70221	1530.61592	1551.23783	1539.38693	1527.56640
2025-04-10T11:55:18Z	9439.00000	1553.88788	1543.61081	1530.55186	1552.53472	1541.30449	1528.94884
2025-04-10T11:55:19Z	9440.00000	1553.84501	1543.47850	1530.46902	1553.60311	1542.93038	1530.13597
2025-04-10T11:55:19Z	9441.00000	1553.79673	1543.34478	1530.39450	1553.94908	1543.47225	1530.51698
2025-04-10T11:55:20Z	9442.00000	1553.79492	1543.34062	1530.39275	1553.95269	1543.48037	1530.52112
2025-04-10T11:55:21Z	9443.00000	1553.79412	1543.33895	1530.39202	1553.95495	1543.48518	1530.52373
2025-04-10T11:55:22Z	9444.00000	1553.79357	1543.33782	1530.39153	1553.95672	1543.48867	1530.52571
2025-04-10T11:55:23Z	9445.00000	1553.79313	1543.33687	1530.39109	1553.95796	1543.49125	1530.52721
2025-04-10T11:55:24Z	9446.00000	1553.79414	1543.34002	1530.39288	1553.32318	1542.52749	1529.84059
2025-04-10T11:55:25Z	9447.00000	1553.86853	1543.54788	1530.51502	1551.66315	1539.98689	1528.06178
2025-04-10T11:55:26Z	9448.00000	1553.92188	1543.70044	1530.61478	1551.15864	1539.22709	1527.48963
2025-04-10T11:55:27Z	9449.00000	1553.92301	1543.70187	1530.61548	1551.15841	1539.22551	1527.48863
2025-04-10T11:55:28Z	9450.00000	1553.92339	1543.70229	1530.61568	1551.15852	1539.22452	1527.48848
2025-04-10T11:55:29Z	9451.00000	1553.92363	1543.70259	1530.61583	1551.15866	1539.22381	1527.48832
2025-04-10T11:55:30Z	9452.00000	1553.92388	1543.70285	1530.61595	1551.15878	1539.22326	1527.48824
2025-04-10T11:55:31Z	9452.00000	1553.92402	1543.70304	1530.61605	1551.15886	1539.22282	1527.48821
2025-04-10T11:55:32Z	9453.00000	1553.92414	1543.70318	1530.61612	1551.15897	1539.22249	1527.48816
2025-04-10T11:55:32Z	9454.00000	1553.92426	1543.70329	1530.61618	1551.15906	1539.22223	1527.48814
2025-04-10T11:55:33Z	9455.00000	1553.89926	1543.64822	1530.57819	1552.24393	1540.87623	1528.62645
2025-04-10T11:55:34Z	9456.00000	1553.85744	1543.51558	1530.49033	1553.33983	1542.52552	1529.84522
2025-04-10T11:55:35Z	9457.00000	1553.80336	1543.36280	1530.40401	1553.94697	1543.46767	1530.51461
2025-04-10T11:55:36Z	9458.00000	1553.79531	1543.34148	1530.39300	1553.95140	1543.47781	1530.51966
2025-04-10T11:55:37Z	9459.00000	1553.79439	1543.33952	1530.39215	1553.95405	1543.48332	1530.52263
2025-04-10T11:55:38Z	9460.00000	1553.79380	1543.33830	1530.39162	1553.95599	1543.48705	1530.52472
2025-04-10T11:55:39Z	9461.00000	1553.79334	1543.33735	1530.39120	1553.95739	1543.48987	1530.52635
2025-04-10T11:55:40Z	9462.00000	1553.79292	1543.33656	1530.39083	1553.82332	1543.28702	1530.38084
2025-04-10T11:55:41Z	9463.00000	1553.84421	1543.47816	1530.47244	1552.17929	1540.77631	1528.61990
2025-04-10T11:55:42Z	9464.00000	1553.91351	1543.67896	1530.59929	1551.16430	1539.22857	1527.48801
2025-04-10T11:55:43Z	9465.00000	1553.92319	1543.70237	1530.61543	1551.16369	1539.22542	1527.48593
2025-04-10T11:55:44Z	9465.00000	1553.92367	1543.70285	1530.61568	1551.16381	1539.22423	1527.48563
2025-04-10T11:55:45Z	9466.00000	1553.92392	1543.70323	1530.61585	1551.16394	1539.22344	1527.48550
2025-04-10T11:55:45Z	9467.00000	1553.92410	1543.70349	1530.61600	1551.16407	1539.22285	1527.48542
2025-04-10T11:55:46Z	9468.00000	1553.92422	1543.70367	1530.61612	1551.16413	1539.22241	1527.48531
2025-04-10T11:55:47Z	9469.00000	1553.92427	1543.70382	1530.61620	1551.16427	1539.22201	1527.48524
2025-04-10T11:55:48Z	9470.00000	1553.92435	1543.70395	1530.61627	1551.16417	1539.22159	1527.48507
2025-04-10T11:55:49Z	9471.00000	1553.91324	1543.68195	1530.60132	1552.01747	1540.53773	1528.36189
2025-04-10T11:55:50Z	9472.00000	1553.86656	1543.54294	1530.50686	1553.13361	1542.20907	1529.61857
2025-04-10T11:55:51Z	9473.00000	1553.81400	1543.39234	1530.42034	1553.94545	1543.46247	1530.51187
2025-04-10T11:55:52Z	9474.00000	1553.79533	1543.34222	1530.39328	1553.95060	1543.47556	1530.51814
2025-04-10T11:55:53Z	9475.00000	1553.79432	1543.34007	1530.39236	1553.95342	1543.48151	1530.52130
2025-04-10T11:55:54Z	9476.00000	1553.79356	1543.33861	1530.39174	1553.95543	1543.48563	1530.52374
2025-04-10T11:55:55Z	9477.00000	1553.79302	1543.33752	1530.39126	1553.95687	1543.48850	1530.52540
2025-04-10T11:55:56Z	9478.00000	1553.79259	1543.33669	1530.39087	1553.95356	1543.48333	1530.52160
2025-04-10T11:55:57Z	9478.00000	1553.82584	1543.42657	1530.44255	1552.53746	1541.32978	1529.00183
2025-04-10T11:55:58Z	9479.00000	1553.90106	1543.64378	1530.57553	1551.17565	1539.24469	1527.50036
2025-04-10T11:55:58Z	9480.00000	1553.92291	1543.70276	1530.61548	1551.16626	1539.22477	1527.48537
2025-04-10T11:55:59Z	9481.00000	1553.92340	1543.70329	1530.61576	1551.16624	1539.22354	1527.48499
2025-04-10T11:56:00Z	9482.00000	1553.92374	1543.70372	1530.61596	1551.16629	1539.22263	1527.48478
2025-04-10T11:56:01Z	9483.00000	1553.92401	1543.70402	1530.61612	1551.16654	1539.22219	1527.48466
2025-04-10T11:56:02Z	9484.00000	1553.92419	1543.70425	1530.61622	1551.16660	1539.22169	1527.48459
2025-04-10T11:56:03Z	9485.00000	1553.92438	1543.70461	1530.61638	1551.16664	1539.22128	1527.48450
2025-04-10T11:56:04Z	9486.00000	1553.92445	1543.70458	1530.61640	1551.16674	1539.22096	1527.48447
2025-04-10T11:56:05Z	9487.00000	1553.92395	1543.70388	1530.61598	1551.74425	1540.14793	1528.05184
2025-04-10T11:56:06Z	9488.00000	1553.87506	1543.56882	1530.52312	1552.91985	1541.88381	1529.38303
2025-04-10T11:56:07Z	9489.00000	1553.82564	1543.42418	1530.43800	1553.89622	1543.38471	1530.45787
2025-04-10T11:56:08Z	9490.00000	1553.79554	1543.34298	1530.39346	1553.94925	1543.47287	1530.51655
2025-04-10T11:56:09Z	9491.00000	1553.79440	1543.34053	1530.39243	1553.95233	1543.47950	1530.52005
2025-04-10T11:56:10Z	9491.00000	1553.79373	1543.33909	1530.39180	1553.95430	1543.48367	1530.52234
2025-04-10T11:56:11Z	9492.00000	1553.79319	1543.33801	1530.39130	1553.95587	1543.48685	1530.52420
2025-04-10T11:56:11Z	9493.00000	1553.79275	1543.33715	1530.39089	1553.95711	1543.48929	1530.52562
2025-04-10T11:56:12Z	9494.00000	1553.80480	1543.36968	1530.40960	1552.94955	1541.95757	1529.43918
2025-04-10T11:56:13Z	9495.00000	1553.88495	1543.59573	1530.54466	1551.34586	1539.49630	1527.69789
2025-04-10T11:56:14Z	9496.00000	1553.92299	1543.70327	1530.61536	1551.16827	1539.22385	1527.48627
2025-04-10T11:56:15Z	9497.00000	1553.92369	1543.70399	1530.61576	1551.16817	1539.22248	1527.48564
2025-04-10T11:56:16Z	9498.00000	1553.92408	1543.70438	1530.61596	1551.16820	1539.22148	1527.48549
2025-04-10T11:56:17Z	9499.00000	1553.92433	1543.70468	1530.61607	1551.16826	1539.22084	1527.48537
2025-04-10T11:56:18Z	9500.00000	1553.92449	1543.70491	1530.61616	1551.16831	1539.22034	1527.48528
2025-04-10T11:56:19Z	9501.00000	1553.92466	1543.70506	1530.61623	1551.16836	1539.21999	1527.48524
2025-04-10T11:56:20Z	9502.00000	1553.92478	1543.70520	1530.61630	1551.16839	1539.21964	1527.48519
2025-04-10T11:56:21Z	9503.00000	1553.92483	1543.70528	1530.61633	1551.30036	1539.47450	1527.60806
2025-04-10T11:56:22Z	9503.00000	1553.88578	1543.60471	1530.54669	1552.59248	1541.39356	1529.01951
2025-04-10T11:56:23Z	9504.00000	1553.84190	1543.47043	1530.46356	1553.65760	1543.01415	1530.19650
2025-04-10T11:56:24Z	9505.00000	1553.79621	1543.34436	1530.39363	1553.94718	1543.46898	1530.51466
2025-04-10T11:56:24Z	9506.00000	1553.79475	1543.34117	1530.39236	1553.95080	1543.47687	1530.51870
2025-04-10T11:56:25Z	9507.00000	1553.79398	1543.33955	1530.39167	1553.95299	1543.48156	1530.52126
2025-04-10T11:56:26Z	9508.00000	1553.79343	1543.33841	1530.39118	1553.95477	1543.48498	1530.52320
2025-04-10T11:56:27Z	9509.00000	1553.79296	1543.33750	1530.39076	1553.95608	1543.48758	1530.52473
2025-04-10T11:56:28Z	9510.00000	1553.79310	1543.33828	1530.39123	1553.37843	1542.61175	1529.90148
2025-04-10T11:56:29Z	9511.00000	1553.86598	1543.54210	1530.51071	1551.71451	1540.05363	1528.11243
2025-04-10T11:56:30Z	9512.00000	1553.92228	1543.70206	1530.61438	1551.17003	1539.22244	1527.48858
2025-04-10T11:56:31Z	9513.00000	1553.92390	1543.70428	1530.61568	1551.16982	1539.22065	1527.48748
2025-04-10T11:56:32Z	9514.00000	1553.92427	1543.70472	1530.61590	1551.16986	1539.21970	1527.48723
2025-04-10T11:56:33Z	9515.00000	1553.92453	1543.70505	1530.61606	1551.16992	1539.21903	1527.48711
2025-04-10T11:56:34Z	9516.00000	1553.92474	1543.70524	1530.61618	1551.16999	1539.21856	1527.48704
2025-04-10T11:56:35Z	9516.00000	1553.92487	1543.70542	1530.61627	1551.17005	1539.21812	1527.48697
2025-04-10T11:56:36Z	9517.00000	1553.92502	1543.70558	1530.61633	1551.17010	1539.21778	1527.48691
2025-04-10T11:56:37Z	9518.00000	1553.92513	1543.70569	1530.61639	1551.16649	1539.22307	1527.48358
2025-04-10T11:56:37Z	9519.00000	1553.89186	1543.62809	1530.56282	1552.37182	1541.06748	1528.77426
2025-04-10T11:56:38Z	9520.00000	1553.85139	1543.49828	1530.47942	1553.46589	1542.71885	1529.98605
2025-04-10T11:56:39Z	9521.00000	1553.79917	1543.35234	1530.39770	1553.94594	1543.46562	1530.51305
2025-04-10T11:56:40Z	9522.00000	1553.79503	1543.34179	1530.39256	1553.94985	1543.47473	1530.51761
2025-04-10T11:56:41Z	9523.00000	1553.79421	1543.33999	1530.39179	1553.95227	1543.47991	1530.52040
2025-04-10T11:56:42Z	9524.00000	1553.79365	1543.33880	1530.39128	1553.95408	1543.48350	1530.52241
2025-04-10T11:56:43Z	9525.00000	1553.79319	1543.33785	1530.39085	1553.95544	1543.48625	1530.52401
2025-04-10T11:56:44Z	9526.00000	1553.79280	1543.33708	1530.39049	1553.68388	1543.07579	1530.23101
2025-04-10T11:56:45Z	9527.00000	1553.85234	1543.50343	1530.48698	1552.00620	1540.50411	1528.43358
2025-04-10T11:56:46Z	9528.00000	1553.91861	1543.69298	1530.60779	1551.17237	1539.22273	1527.48855
2025-04-10T11:56:47Z	9529.00000	1553.92406	1543.70469	1530.61572	1551.17193	1539.22031	1527.48701
2025-04-10T11:56:48Z	9530.00000	1553.92450	1543.70513	1530.61596	1551.17194	1539.21924	1527.48672
2025-04-10T11:56:49Z	9530.00000	1553.92476	1543.70548	1530.61612	1551.17202	1539.21850	1527.48660
2025-04-10T11:56:50Z	9531.00000	1553.92498	1543.70570	1530.61623	1551.17210	1539.21800	1527.48652
2025-04-10T11:56:51Z	9532.00000	1553.92513	1543.70589	1530.61634	1551.17216	1539.21752	1527.48647
2025-04-10T11:56:51Z	9533.00000	1553.92524	1543.70605	1530.61644	1551.17224	1539.21716	1527.48641
2025-04-10T11:56:52Z	9534.00000	1553.92533	1543.70617	1530.61651	1551.17230	1539.21690	1527.48637
2025-04-10T11:56:53Z	9535.00000	1553.90208	1543.65635	1530.58269	1552.19347	1540.80433	1528.57271
2025-04-10T11:56:54Z	9536.00000	1553.85846	1543.51883	1530.49142	1553.31790	1542.49306	1529.82487
2025-04-10T11:56:55Z	9537.00000	1553.80451	1543.36656	1530.40532	1553.94435	1543.46235	1530.51137
2025-04-10T11:56:56Z	9538.00000	1553.79543	1543.34241	1530.39275	1553.94877	1543.47275	1530.51654
2025-04-10T11:56:57Z	9539.00000	1553.79454	1543.34048	1530.39194	1553.95139	1543.47828	1530.51949
2025-04-10T11:56:58Z	9540.00000	1553.79395	1543.33921	1530.39137	1553.95329	1543.48206	1530.52161
2025-04-10T11:56:59Z	9541.00000	1553.79348	1543.33825	1530.39095	1553.95467	1543.48485	1530.52323
2025-04-10T11:57:00Z	9542.00000	1553.79308	1543.33746	1530.39059	1553.88980	1543.38682	1530.45319
2025-04-10T11:57:01Z	9543.00000	1553.83717	1543.45941	1530.46087	1552.30942	1540.97191	1528.76070
2025-04-10T11:57:02Z	9543.00000	1553.91150	1543.67350	1530.59413	1551.17392	1539.22181	1527.49338
2025-04-10T11:57:03Z	9544.00000	1553.92416	1543.70502	1530.61573	1551.17300	1539.21809	1527.49073
2025-04-10T11:57:04Z	9545.00000	1553.92467	1543.70555	1530.61596	1551.17294	1539.21681	1527.49035
2025-04-10T11:57:04Z	9546.00000	1553.92496	1543.70587	1530.61613	1551.17301	1539.21606	1527.49018
2025-04-10T11:57:05Z	9547.00000	1553.92515	1543.70610	1530.61625	1551.17308	1539.21552	1527.49007
2025-04-10T11:57:06Z	9548.00000	1553.92531	1543.70629	1530.61633	1551.17312	1539.21503	1527.49000
2025-04-10T11:57:07Z	9549.00000	1553.92543	1543.70648	1530.61642	1551.17320	1539.21468	1527.48995
2025-04-10T11:57:08Z	9550.00000	1553.92559	1543.70660	1530.61647	1551.17325	1539.21434	1527.48988
2025-04-10T11:57:09Z	9551.00000	1553.91693	1543.69018	1530.60572	1551.94946	1540.44487	1528.29367
2025-04-10T11:57:10Z	9552.00000	1553.86873	1543.54973	1530.51022	1553.08182	1542.13168	1529.56775
2025-04-10T11:57:11Z	9553.00000	1553.81753	1543.40132	1530.42444	1553.93712	1543.44879	1530.50340
2025-04-10T11:57:12Z	9554.00000	1553.79581	1543.34314	1530.39290	1553.94774	1543.47047	1530.51541
2025-04-10T11:57:13Z	9555.00000	1553.79485	1543.34097	1530.39196	1553.95059	1543.47655	1530.51863
2025-04-10T11:57:14Z	9556.00000	1553.79418	1543.33962	1530.39136	1553.95253	1543.48060	1530.52085
2025-04-10T11:57:15Z	9556.00000	1553.79368	1543.33861	1530.39089	1553.93505	1543.45455	1530.50197
2025-04-10T11:57:16Z	9557.00000	1553.82884	1543.43545	1530.44673	1552.47721	1541.23164	1528.94262
2025-04-10T11:57:17Z	9558.00000	1553.90554	1543.65634	1530.58239	1551.17456	1539.22374	1527.49747
2025-04-10T11:57:17Z	9559.00000	1553.92431	1543.70540	1530.61579	1551.17351	1539.21651	1527.49312
2025-04-10T11:57:18Z	9560.00000	1553.92474	1543.70588	1530.61602	1551.17342	1539.21534	1527.49270
2025-04-10T11:57:19Z	9561.00000	1553.92508	1543.70617	1530.61619	1551.17344	1539.21456	1527.49254
2025-04-10T11:57:20Z	9562.00000	1553.92527	1543.70642	1530.61629	1551.17348	1539.21400	1527.49242
2025-04-10T11:57:21Z	9563.00000	1553.92542	1543.70658	1530.61639	1551.17354	1539.21355	1527.49233
2025-04-10T11:57:22Z	9564.00000	1553.92555	1543.70674	1530.61645	1551.17360	1539.21313	1527.49227
2025-04-10T11:57:23Z	9565.00000	1553.92566	1543.70684	1530.61653	1551.17366	1539.21288	1527.49220
2025-04-10T11:57:24Z	9566.00000	1553.92572	1543.70697	1530.61659	1551.46660	1539.75053	1527.78965
2025-04-10T11:57:25Z	9567.00000	1553.87963	1543.58757	1530.53515	1552.74191	1541.61776	1529.19390
2025-04-10T11:57:26Z	9568.00000	1553.83427	1543.44726	1530.45000	1553.80711	1543.24428	1530.36149
2025-04-10T11:57:27Z	9569.00000	1553.79659	1543.34466	1530.39338	1553.94593	1543.46650	1530.51338
2025-04-10T11:57:28Z	9569.00000	1553.79532	1543.34190	1530.39224	1553.94919	1543.47370	1530.51709
2025-04-10T11:57:29Z	9570.00000	1553.79461	1543.34036	1530.39155	1553.95124	1543.47818	1530.51953
2025-04-10T11:57:29Z	9571.00000	1553.79411	1543.33926	1530.39106	1553.95297	1543.48156	1530.52145
2025-04-10T11:57:30Z	9572.00000	1553.79367	1543.33841	1530.39068	1553.95421	1543.48407	1530.52288
2025-04-10T11:57:31Z	9573.00000	1553.79332	1543.33770	1530.39033	1553.95523	1543.48613	1530.52410
2025-04-10T11:57:32Z	9574.00000	1553.79304	1543.33709	1530.39005	1553.95616	1543.48788	1530.52514
2025-04-10T11:57:33Z	9575.00000	1553.79277	1543.33658	1530.38979	1553.95682	1543.48929	1530.52598
2025-04-10T11:57:34Z	9576.00000	1553.79255	1543.33610	1530.38954	1553.95754	1543.49061	1530.52677
2025-04-10T11:57:35Z	9577.00000	1553.79234	1543.33571	1530.38935	1553.95807	1543.49171	1530.52742
2025-04-10T11:57:36Z	9578.00000	1553.79215	1543.33531	1530.38917	1553.96721	1543.49624	1530.52978
2025-04-10T11:57:37Z	9579.00000	1553.80260	1543.35328	1530.39851	1553.91086	1543.44611	1530.48648
2025-04-10T11:57:38Z	9580.00000	1553.79872	1543.35685	1530.40125	1553.90659	1543.44111	1530.48401
2025-04-10T11:57:39Z	9581.00000	1553.80011	1543.35838	1530.40230	1553.91667	1543.45340	1530.49209
2025-04-10T11:57:40Z	9582.00000	1553.79953	1543.35729	1530.40164	1553.91945	1543.45746	1530.49492
2025-04-10T11:57:41Z	9582.00000	1553.79943	1543.35694	1530.40135	1553.91828	1543.45646	1530.49399
2025-04-10T11:57:42Z	9583.00000	1553.79932	1543.35668	1530.40126	1553.92122	1543.45724	1530.49479
2025-04-10T11:57:42Z	9584.00000	1553.79913	1543.35634	1530.40094	1553.90146	1543.44162	1530.48157
2025-04-10T11:57:43Z	9585.00000	1553.79916	1543.35845	1530.40375	1553.87407	1543.41442	1530.45937
2025-04-10T11:57:44Z	9586.00000	1553.79906	1543.35924	1530.40514	1553.88030	1543.41945	1530.46319
2025-04-10T11:57:45Z	9587.00000	1553.79776	1543.35538	1530.40144	1553.90853	1543.44755	1530.48522
2025-04-10T11:57:46Z	9588.00000	1553.79753	1543.35480	1530.40093	1553.90891	1543.44790	1530.48527
2025-04-10T11:57:47Z	9589.00000	1553.79751	1543.35479	1530.40095	1553.90907	1543.44785	1530.48512
2025-04-10T11:57:48Z	9590.00000	1553.79741	1543.35455	1530.40076	1553.90946	1543.44812	1530.48530
