Timestamp	Time [s]	WL 1[nm]	WL 2[nm]	WL 3[nm]	WL 4[nm]	WL 5[nm]	WL 6[nm]	WL 7[nm]	WL 8[nm]	
2025-04-10T11:37:26Z	8368.00000	1553.77571	1543.30472	1530.37215	1553.95358	1543.52800	1530.54195
2025-04-10T11:37:27Z	8369.00000	1553.77570	1543.30471	1530.37213	1553.95355	1543.52797	1530.54194
2025-04-10T11:37:28Z	8370.00000	1553.77571	1543.30470	1530.37211	1553.95355	1543.52796	1530.54194
2025-04-10T11:37:29Z	8371.00000	1553.77570	1543.30469	1530.37209	1553.95353	1543.52795	1530.54195
2025-04-10T11:37:30Z	8372.00000	1553.77570	1543.30469	1530.37206	1553.95351	1543.52797	1530.54196
2025-04-10T11:37:31Z	8373.00000	1553.77572	1543.30470	1530.37204	1553.95350	1543.52797	1530.54198
2025-04-10T11:37:32Z	8374.00000	1553.77575	1543.30468	1530.37203	1553.95347	1543.52796	1530.54197
2025-04-10T11:37:33Z	8375.00000	1553.77571	1543.30469	1530.37200	1553.95346	1543.52797	1530.54198
2025-04-10T11:37:34Z	8376.00000	1553.77574	1543.30469	1530.37200	1553.95342	1543.52798	1530.54199
2025-04-10T11:37:35Z	8377.00000	1553.77573	1543.30468	1530.37197	1553.95341	1543.52795	1530.54200
2025-04-10T11:37:36Z	8378.00000	1553.77576	1543.30467	1530.37195	1553.95341	1543.52796	1530.54203
2025-04-10T11:37:37Z	8378.00000	1553.77574	1543.30466	1530.37193	1553.95341	1543.52795	1530.54203
2025-04-10T11:37:38Z	8379.00000	1553.77575	1543.30464	1530.37193	1553.95340	1543.52794	1530.54204
2025-04-10T11:37:38Z	8380.00000	1553.77576	1543.30465	1530.37193	1553.95337	1543.52796	1530.54205
2025-04-10T11:37:39Z	8381.00000	1553.77578	1543.30467	1530.37193	1553.95340	1543.52795	1530.54205
2025-04-10T11:37:40Z	8382.00000	1553.77578	1543.30466	1530.37194	1553.95338	1543.52796	1530.54207
2025-04-10T11:37:41Z	8383.00000	1553.77579	1543.30465	1530.37193	1553.95337	1543.52795	1530.54206
2025-04-10T11:37:42Z	8384.00000	1553.77579	1543.30466	1530.37192	1553.95338	1543.52796	1530.54207
2025-04-10T11:37:43Z	8385.00000	1553.77580	1543.30467	1530.37193	1553.95337	1543.52796	1530.54207
2025-04-10T11:37:44Z	8386.00000	1553.77580	1543.30466	1530.37190	1553.95334	1543.52794	1530.54207
2025-04-10T11:37:45Z	8387.00000	1553.77581	1543.30466	1530.37189	1553.72057	1543.22514	1530.33613
2025-04-10T11:37:46Z	8388.00000	1553.82406	1543.44027	1530.46366	1552.04684	1540.98270	1528.80812
2025-04-10T11:37:47Z	8389.00000	1553.88118	1543.61863	1530.58530	1551.19899	1539.85630	1528.01426
2025-04-10T11:37:48Z	8390.00000	1553.88546	1543.62989	1530.59262	1551.19909	1539.85547	1528.01289
2025-04-10T11:37:49Z	8390.00000	1553.88614	1543.63113	1530.59324	1551.19967	1539.85503	1528.01302
2025-04-10T11:37:50Z	8391.00000	1553.88665	1543.63206	1530.59367	1551.20017	1539.85473	1528.01323
2025-04-10T11:37:50Z	8392.00000	1553.88707	1543.63280	1530.59404	1551.20062	1539.85458	1528.01342
2025-04-10T11:37:51Z	8393.00000	1553.88738	1543.63343	1530.59435	1551.20102	1539.85442	1528.01359
2025-04-10T11:37:52Z	8394.00000	1553.87183	1543.59775	1530.56988	1552.01057	1541.00700	1528.76177
2025-04-10T11:37:53Z	8395.00000	1553.83936	1543.49193	1530.49266	1553.03025	1542.30951	1529.71167
2025-04-10T11:37:54Z	8396.00000	1553.80051	1543.37153	1530.41234	1553.92106	1543.47695	1530.51238
2025-04-10T11:37:55Z	8397.00000	1553.78092	1543.31715	1530.37766	1553.93820	1543.50199	1530.52768
2025-04-10T11:37:56Z	8398.00000	1553.78025	1543.31558	1530.37691	1553.94061	1543.50601	1530.52994
2025-04-10T11:37:57Z	8399.00000	1553.77986	1543.31466	1530.37648	1553.94226	1543.50862	1530.53147
2025-04-10T11:37:58Z	8400.00000	1553.77959	1543.31401	1530.37615	1553.94343	1543.51049	1530.53261
2025-04-10T11:37:59Z	8401.00000	1553.77938	1543.31350	1530.37589	1553.85799	1543.39963	1530.45754
2025-04-10T11:38:00Z	8402.00000	1553.81820	1543.42211	1530.44919	1552.26282	1541.26760	1529.01461
2025-04-10T11:38:01Z	8402.00000	1553.88016	1543.61233	1530.57890	1551.20102	1539.85079	1528.02982
2025-04-10T11:38:02Z	8403.00000	1553.88833	1543.63516	1530.59520	1551.20027	1539.84928	1528.02790
2025-04-10T11:38:03Z	8404.00000	1553.88876	1543.63611	1530.59555	1551.20036	1539.84905	1528.02761
2025-04-10T11:38:03Z	8405.00000	1553.88912	1543.63677	1530.59582	1551.20051	1539.84890	1528.02754
2025-04-10T11:38:04Z	8406.00000	1553.88938	1543.63721	1530.59606	1551.20068	1539.84879	1528.02754
2025-04-10T11:38:05Z	8407.00000	1553.88957	1543.63762	1530.59625	1551.20083	1539.84875	1528.02754
2025-04-10T11:38:06Z	8408.00000	1553.88978	1543.63797	1530.59642	1551.20102	1539.84873	1528.02755
2025-04-10T11:38:07Z	8409.00000	1553.88999	1543.63827	1530.59658	1551.20115	1539.84877	1528.02756
2025-04-10T11:38:08Z	8410.00000	1553.88681	1543.63280	1530.59332	1551.71967	1540.64528	1528.48993
2025-04-10T11:38:09Z	8411.00000	1553.84827	1543.51967	1530.51131	1552.83036	1542.04657	1529.52832
2025-04-10T11:38:10Z	8412.00000	1553.81014	1543.39852	1530.42959	1553.84464	1543.37320	1530.44379
2025-04-10T11:38:11Z	8413.00000	1553.78280	1543.32142	1530.37968	1553.93265	1543.49333	1530.52265
2025-04-10T11:38:12Z	8414.00000	1553.78197	1543.31942	1530.37874	1553.93561	1543.49831	1530.52541
2025-04-10T11:38:13Z	8414.00000	1553.78148	1543.31832	1530.37818	1553.93755	1543.50146	1530.52719
2025-04-10T11:38:14Z	8415.00000	1553.78114	1543.31754	1530.37778	1553.93899	1543.50376	1530.52856
2025-04-10T11:38:15Z	8416.00000	1553.78087	1543.31689	1530.37746	1553.94012	1543.50552	1530.52964
2025-04-10T11:38:15Z	8417.00000	1553.79631	1543.35962	1530.40647	1552.77571	1541.96250	1529.48747
2025-04-10T11:38:16Z	8418.00000	1553.86584	1543.56637	1530.54536	1551.24931	1539.91336	1528.07596
2025-04-10T11:38:17Z	8419.00000	1553.88942	1543.63830	1530.59625	1551.20298	1539.84981	1528.02959
2025-04-10T11:38:18Z	8420.00000	1553.88987	1543.63887	1530.59655	1551.20276	1539.84964	1528.02901
2025-04-10T11:38:19Z	8421.00000	1553.89016	1543.63931	1530.59680	1551.20283	1539.84941	1528.02883
2025-04-10T11:38:20Z	8422.00000	1553.89034	1543.63967	1530.59698	1551.20290	1539.84934	1528.02875
2025-04-10T11:38:21Z	8423.00000	1553.89056	1543.63999	1530.59713	1551.20300	1539.84923	1528.02870
2025-04-10T11:38:22Z	8424.00000	1553.89071	1543.64026	1530.59727	1551.20311	1539.84921	1528.02866
2025-04-10T11:38:23Z	8425.00000	1553.89085	1543.64050	1530.59739	1551.20319	1539.84921	1528.02864
2025-04-10T11:38:24Z	8426.00000	1553.89094	1543.64073	1530.59751	1551.32186	1540.09467	1528.12467
2025-04-10T11:38:25Z	8427.00000	1553.85859	1543.55325	1530.53506	1552.51162	1541.63743	1529.23257
2025-04-10T11:38:26Z	8427.00000	1553.82323	1543.43771	1530.45516	1553.59466	1543.03877	1530.21834
2025-04-10T11:38:27Z	8428.00000	1553.78422	1543.32495	1530.38125	1553.92857	1543.48706	1530.51908
2025-04-10T11:38:27Z	8429.00000	1553.78298	1543.32199	1530.37985	1553.93223	1543.49323	1530.52236
2025-04-10T11:38:28Z	8430.00000	1553.78243	1543.32071	1530.37923	1553.93446	1543.49690	1530.52442
2025-04-10T11:38:29Z	8431.00000	1553.78207	1543.31983	1530.37875	1553.93606	1543.49950	1530.52595
2025-04-10T11:38:30Z	8432.00000	1553.78176	1543.31915	1530.37839	1553.93731	1543.50149	1530.52716
2025-04-10T11:38:31Z	8433.00000	1553.78220	1543.32054	1530.37934	1553.32776	1542.69943	1529.98420
2025-04-10T11:38:32Z	8434.00000	1553.84616	1543.50522	1530.50321	1551.62798	1540.40889	1528.42442
2025-04-10T11:38:33Z	8435.00000	1553.88920	1543.63828	1530.59611	1551.19892	1539.85132	1528.03561
2025-04-10T11:38:34Z	8436.00000	1553.88996	1543.63937	1530.59666	1551.19849	1539.85124	1528.03440
2025-04-10T11:38:35Z	8437.00000	1553.89031	1543.63985	1530.59690	1551.19854	1539.85107	1528.03413
2025-04-10T11:38:36Z	8438.00000	1553.89051	1543.64024	1530.59710	1551.19863	1539.85088	1528.03400
2025-04-10T11:38:37Z	8439.00000	1553.89072	1543.64050	1530.59727	1551.19874	1539.85083	1528.03390
2025-04-10T11:38:38Z	8439.00000	1553.89083	1543.64076	1530.59741	1551.19883	1539.85076	1528.03383
2025-04-10T11:38:39Z	8440.00000	1553.89098	1543.64100	1530.59754	1551.19893	1539.85073	1528.03381
2025-04-10T11:38:39Z	8441.00000	1553.89111	1543.64120	1530.59765	1551.19883	1539.85100	1528.03362
2025-04-10T11:38:40Z	8442.00000	1553.86856	1543.58669	1530.55986	1552.17952	1541.21592	1528.92476
2025-04-10T11:38:41Z	8443.00000	1553.83537	1543.47554	1530.47997	1553.28079	1542.62820	1529.93641
2025-04-10T11:38:42Z	8444.00000	1553.79149	1543.34455	1530.39325	1553.92399	1543.48128	1530.51597
2025-04-10T11:38:43Z	8445.00000	1553.78391	1543.32411	1530.38077	1553.92953	1543.48918	1530.52005
2025-04-10T11:38:44Z	8446.00000	1553.78328	1543.32261	1530.38004	1553.93211	1543.49344	1530.52242
2025-04-10T11:38:45Z	8447.00000	1553.78287	1543.32163	1530.37956	1553.93388	1543.49636	1530.52407
2025-04-10T11:38:46Z	8448.00000	1553.78254	1543.32087	1530.37919	1553.93531	1543.49860	1530.52545
2025-04-10T11:38:47Z	8449.00000	1553.78225	1543.32024	1530.37886	1553.76893	1543.28114	1530.37861
2025-04-10T11:38:48Z	8450.00000	1553.82735	1543.44776	1530.46471	1552.11070	1541.05994	1528.87241
2025-04-10T11:38:49Z	8451.00000	1553.88551	1543.62721	1530.58774	1551.20053	1539.85155	1528.03920
2025-04-10T11:38:50Z	8451.00000	1553.89056	1543.64076	1530.59730	1551.19971	1539.85092	1528.03716
2025-04-10T11:38:51Z	8452.00000	1553.89090	1543.64123	1530.59754	1551.19971	1539.85065	1528.03678
2025-04-10T11:38:51Z	8453.00000	1553.89112	1543.64160	1530.59772	1551.19976	1539.85049	1528.03661
2025-04-10T11:38:52Z	8454.00000	1553.89132	1543.64187	1530.59786	1551.19981	1539.85036	1528.03652
2025-04-10T11:38:53Z	8455.00000	1553.89147	1543.64211	1530.59798	1551.19988	1539.85030	1528.03643
2025-04-10T11:38:54Z	8456.00000	1553.89161	1543.64232	1530.59808	1551.19995	1539.85053	1528.03638
2025-04-10T11:38:55Z	8457.00000	1553.89170	1543.64251	1530.59816	1551.20002	1539.85023	1528.03634
2025-04-10T11:38:56Z	8458.00000	1553.89053	1543.64059	1530.59708	1551.63942	1540.54926	1528.42366
2025-04-10T11:38:57Z	8459.00000	1553.85168	1543.52842	1530.51616	1552.79605	1542.00252	1529.50331
2025-04-10T11:38:58Z	8460.00000	1553.81287	1543.40537	1530.43291	1553.83324	1543.35670	1530.43394
2025-04-10T11:38:59Z	8461.00000	1553.78498	1543.32657	1530.38181	1553.92509	1543.48425	1530.51735
2025-04-10T11:39:00Z	8462.00000	1553.78410	1543.32444	1530.38081	1553.92941	1543.48956	1530.52020
2025-04-10T11:39:01Z	8463.00000	1553.78359	1543.32326	1530.38022	1553.93153	1543.49303	1530.52216
2025-04-10T11:39:02Z	8463.00000	1553.78321	1543.32238	1530.37980	1553.93306	1543.49551	1530.52361
2025-04-10T11:39:03Z	8464.00000	1553.78290	1543.32169	1530.37942	1553.93432	1543.49743	1530.52474
2025-04-10T11:39:03Z	8465.00000	1553.79297	1543.34962	1530.39844	1552.89506	1542.12223	1529.59484
2025-04-10T11:39:04Z	8466.00000	1553.86348	1543.55779	1530.53820	1551.30035	1539.98411	1528.13193
2025-04-10T11:39:05Z	8467.00000	1553.89076	1543.64133	1530.59742	1551.19894	1539.85189	1528.03913
2025-04-10T11:39:06Z	8468.00000	1553.89114	1543.64187	1530.59768	1551.19875	1539.85171	1528.03838
2025-04-10T11:39:07Z	8469.00000	1553.89143	1543.64227	1530.59787	1551.19880	1539.85151	1528.03815
2025-04-10T11:39:08Z	8470.00000	1553.89165	1543.64258	1530.59802	1551.19887	1539.85137	1528.03802
2025-04-10T11:39:09Z	8471.00000	1553.89179	1543.64285	1530.59814	1551.19895	1539.85122	1528.03794
2025-04-10T11:39:10Z	8472.00000	1553.89191	1543.64307	1530.59825	1551.19903	1539.85119	1528.03788
2025-04-10T11:39:11Z	8473.00000	1553.89202	1543.64323	1530.59836	1551.19910	1539.85111	1528.03783
2025-04-10T11:39:12Z	8474.00000	1553.89212	1543.64342	1530.59844	1551.25227	1539.98427	1528.07246
2025-04-10T11:39:13Z	8475.00000	1553.86227	1543.56461	1530.54255	1552.43179	1541.53426	1529.16316
2025-04-10T11:39:14Z	8475.00000	1553.82780	1543.45048	1530.46270	1553.51460	1542.93286	1530.14806
2025-04-10T11:39:15Z	8476.00000	1553.78673	1543.33096	1530.38407	1553.92242	1543.47970	1530.51492
2025-04-10T11:39:15Z	8477.00000	1553.78471	1543.32587	1530.38139	1553.92605	1543.48635	1530.51841
2025-04-10T11:39:16Z	8478.00000	1553.78412	1543.32449	1530.38073	1553.92968	1543.49028	1530.52058
2025-04-10T11:39:17Z	8479.00000	1553.78369	1543.32354	1530.38024	1553.93142	1543.49310	1530.52217
2025-04-10T11:39:18Z	8480.00000	1553.78334	1543.32279	1530.37987	1553.93275	1543.49523	1530.52341
2025-04-10T11:39:19Z	8481.00000	1553.78312	1543.32231	1530.37961	1553.43254	1542.83848	1530.07852
2025-04-10T11:39:20Z	8482.00000	1553.84304	1543.49501	1530.49557	1551.74091	1540.55889	1528.52663
2025-04-10T11:39:21Z	8483.00000	1553.89030	1543.64069	1530.59691	1551.19749	1539.85279	1528.04247
2025-04-10T11:39:22Z	8484.00000	1553.89128	1543.64227	1530.59779	1551.19698	1539.85281	1528.04100
2025-04-10T11:39:23Z	8485.00000	1553.89157	1543.64266	1530.59798	1551.19695	1539.85261	1528.04062
2025-04-10T11:39:24Z	8486.00000	1553.89176	1543.64299	1530.59814	1551.19699	1539.85242	1528.04045
2025-04-10T11:39:25Z	8487.00000	1553.89196	1543.64325	1530.59828	1551.19707	1539.85235	1528.04033
2025-04-10T11:39:26Z	8487.00000	1553.89209	1543.64346	1530.59839	1551.19710	1539.85226	1528.04022
2025-04-10T11:39:27Z	8488.00000	1553.89219	1543.64360	1530.59847	1551.19716	1539.85222	1528.04015
2025-04-10T11:39:27Z	8489.00000	1553.89229	1543.64376	1530.59855	1551.19721	1539.85213	1528.04011
2025-04-10T11:39:28Z	8490.00000	1553.87598	1543.60639	1530.57322	1552.05444	1541.06087	1528.81447
2025-04-10T11:39:29Z	8491.00000	1553.84060	1543.49120	1530.48985	1553.16189	1542.47517	1529.83403
2025-04-10T11:39:30Z	8492.00000	1553.79718	1543.35972	1530.40234	1553.91933	1543.47415	1530.51215
2025-04-10T11:39:31Z	8493.00000	1553.78541	1543.32741	1530.38211	1553.92405	1543.48318	1530.51672
2025-04-10T11:39:32Z	8494.00000	1553.78470	1543.32575	1530.38132	1553.92746	1543.48774	1530.51921
2025-04-10T11:39:33Z	8495.00000	1553.78424	1543.32469	1530.38078	1553.92985	1543.49084	1530.52094
2025-04-10T11:39:34Z	8496.00000	1553.78391	1543.32390	1530.38039	1553.93130	1543.49320	1530.52229
2025-04-10T11:39:35Z	8497.00000	1553.78362	1543.32328	1530.38007	1553.86769	1543.41075	1530.46660
2025-04-10T11:39:36Z	8498.00000	1553.82083	1543.42790	1530.45077	1552.28411	1541.29682	1529.03468
2025-04-10T11:39:37Z	8499.00000	1553.88292	1543.61842	1530.58045	1551.20301	1539.85348	1528.04210
2025-04-10T11:39:38Z	8499.00000	1553.89176	1543.64355	1530.59835	1551.20184	1539.85202	1528.03979
2025-04-10T11:39:39Z	8500.00000	1553.89214	1543.64403	1530.59859	1551.20178	1539.85168	1528.03939
2025-04-10T11:39:39Z	8501.00000	1553.89237	1543.64439	1530.59876	1551.20182	1539.85141	1528.03921
2025-04-10T11:39:40Z	8502.00000	1553.89253	1543.64464	1530.59888	1551.20187	1539.85123	1528.03910
2025-04-10T11:39:41Z	8503.00000	1553.89266	1543.64486	1530.59898	1551.20194	1539.85103	1528.03901
2025-04-10T11:39:42Z	8504.00000	1553.89279	1543.64504	1530.59907	1551.20199	1539.85097	1528.03894
2025-04-10T11:39:43Z	8505.00000	1553.89285	1543.64521	1530.59915	1551.20206	1539.85086	1528.03889
2025-04-10T11:39:44Z	8506.00000	1553.89033	1543.64095	1530.59669	1551.69614	1540.61529	1528.48044
2025-04-10T11:39:45Z	8507.00000	1553.85111	1543.52576	1530.51357	1552.83200	1542.05077	1529.54192
2025-04-10T11:39:46Z	8508.00000	1553.81196	1543.40198	1530.42994	1553.85501	1543.38602	1530.45418
2025-04-10T11:39:47Z	8509.00000	1553.78597	1543.32903	1530.38266	1553.92199	1543.47999	1530.51489
2025-04-10T11:39:48Z	8510.00000	1553.78510	1543.32695	1530.38168	1553.92497	1543.48530	1530.51773
2025-04-10T11:39:49Z	8511.00000	1553.78460	1543.32574	1530.38106	1553.92810	1543.48874	1530.51965
2025-04-10T11:39:50Z	8511.00000	1553.78424	1543.32488	1530.38062	1553.92983	1543.49128	1530.52111
2025-04-10T11:39:51Z	8512.00000	1553.78393	1543.32420	1530.38026	1553.93108	1543.49327	1530.52227
2025-04-10T11:39:51Z	8513.00000	1553.79711	1543.36093	1530.40525	1552.80170	1541.99791	1529.51178
2025-04-10T11:39:52Z	8514.00000	1553.86727	1543.56940	1530.54568	1551.25516	1539.92973	1528.09781
2025-04-10T11:39:53Z	8515.00000	1553.89141	1543.64314	1530.59812	1551.19858	1539.85356	1528.04155
2025-04-10T11:39:54Z	8516.00000	1553.89183	1543.64367	1530.59838	1551.19854	1539.85306	1528.04092
2025-04-10T11:39:55Z	8517.00000	1553.89205	1543.64403	1530.59856	1551.19865	1539.85255	1528.04067
2025-04-10T11:39:56Z	8518.00000	1553.89226	1543.64430	1530.59869	1551.19874	1539.85227	1528.04053
2025-04-10T11:39:57Z	8519.00000	1553.89241	1543.64454	1530.59881	1551.19883	1539.85200	1528.04044
2025-04-10T11:39:58Z	8520.00000	1553.89255	1543.64472	1530.59891	1551.19894	1539.85182	1528.04037
2025-04-10T11:39:59Z	8521.00000	1553.89264	1543.64489	1530.59900	1551.19903	1539.85166	1528.04029
2025-04-10T11:40:00Z	8522.00000	1553.89276	1543.64503	1530.59907	1551.31401	1540.08407	1528.13038
2025-04-10T11:40:01Z	8523.00000	1553.86055	1543.55796	1530.53662	1552.51519	1541.64310	1529.25110
2025-04-10T11:40:02Z	8523.00000	1553.82553	1543.44234	1530.45659	1553.60506	1543.05240	1530.23070
2025-04-10T11:40:03Z	8524.00000	1553.78677	1543.33090	1530.38336	1553.91980	1543.47631	1530.51307
2025-04-10T11:40:03Z	8525.00000	1553.78561	1543.32807	1530.38206	1553.92335	1543.48271	1530.51639
2025-04-10T11:40:04Z	8526.00000	1553.78504	1543.32668	1530.38140	1553.92562	1543.48659	1530.51850
2025-04-10T11:40:05Z	8527.00000	1553.78464	1543.32576	1530.38095	1553.92860	1543.48936	1530.52007
2025-04-10T11:40:06Z	8528.00000	1553.78430	1543.32502	1530.38055	1553.92992	1543.49155	1530.52135
2025-04-10T11:40:07Z	8529.00000	1553.78461	1543.32620	1530.38141	1553.31888	1542.68878	1529.97841
2025-04-10T11:40:08Z	8530.00000	1553.84836	1543.51074	1530.50561	1551.62071	1540.40381	1528.42784
2025-04-10T11:40:09Z	8531.00000	1553.89095	1543.64222	1530.59784	1551.20051	1539.85057	1528.04382
2025-04-10T11:40:10Z	8532.00000	1553.89169	1543.64331	1530.59840	1551.20015	1539.84993	1528.04266
2025-04-10T11:40:11Z	8533.00000	1553.89200	1543.64376	1530.59861	1551.20019	1539.84940	1528.04238
2025-04-10T11:40:12Z	8534.00000	1553.89221	1543.64404	1530.59876	1551.20029	1539.84903	1528.04222
2025-04-10T11:40:13Z	8535.00000	1553.89231	1543.64430	1530.59892	1551.20036	1539.84870	1528.04211
2025-04-10T11:40:14Z	8535.00000	1553.89244	1543.64450	1530.59901	1551.20045	1539.84849	1528.04203
2025-04-10T11:40:15Z	8536.00000	1553.89256	1543.64466	1530.59912	1551.20054	1539.84833	1528.04196
2025-04-10T11:40:16Z	8537.00000	1553.89263	1543.64483	1530.59921	1551.20062	1539.84822	1528.04189
2025-04-10T11:40:16Z	8538.00000	1553.87036	1543.59158	1530.56199	1552.18739	1541.22130	1528.94040
2025-04-10T11:40:17Z	8539.00000	1553.83690	1543.47930	1530.48124	1553.28904	1542.63855	1529.94918
2025-04-10T11:40:18Z	8540.00000	1553.79307	1543.34814	1530.39421	1553.91760	1543.47188	1530.51090
2025-04-10T11:40:19Z	8541.00000	1553.78605	1543.32924	1530.38268	1553.92186	1543.47999	1530.51497
2025-04-10T11:40:20Z	8542.00000	1553.78541	1543.32767	1530.38193	1553.92441	1543.48440	1530.51737
2025-04-10T11:40:21Z	8543.00000	1553.78494	1543.32660	1530.38141	1553.92621	1543.48742	1530.51906
2025-04-10T11:40:22Z	8544.00000	1553.78462	1543.32584	1530.38102	1553.92893	1543.48974	1530.52037
2025-04-10T11:40:23Z	8545.00000	1553.78428	1543.32520	1530.38069	1553.79160	1543.31077	1530.39972
2025-04-10T11:40:24Z	8546.00000	1553.82722	1543.44711	1530.46308	1552.14583	1541.11048	1528.91499
2025-04-10T11:40:25Z	8547.00000	1553.88596	1543.62731	1530.58748	1551.19344	1539.85111	1528.05115
2025-04-10T11:40:26Z	8547.00000	1553.89166	1543.64299	1530.59849	1551.19328	1539.84917	1528.04953
2025-04-10T11:40:27Z	8548.00000	1553.89200	1543.64348	1530.59870	1551.19339	1539.84859	1528.04919
2025-04-10T11:40:27Z	8549.00000	1553.89223	1543.64383	1530.59888	1551.19348	1539.84816	1528.04901
2025-04-10T11:40:28Z	8550.00000	1553.89241	1543.64413	1530.59899	1551.19357	1539.84784	1528.04889
2025-04-10T11:40:29Z	8551.00000	1553.89253	1543.64429	1530.59908	1551.19366	1539.84767	1528.04883
2025-04-10T11:40:30Z	8552.00000	1553.89263	1543.64449	1530.59916	1551.19374	1539.84747	1528.04876
2025-04-10T11:40:31Z	8553.00000	1553.89274	1543.64464	1530.59923	1551.19381	1539.84734	1528.04871
2025-04-10T11:40:32Z	8554.00000	1553.88692	1543.63350	1530.59204	1551.80874	1540.74692	1528.59064
2025-04-10T11:40:33Z	8555.00000	1553.84817	1543.51657	1530.50659	1552.93635	1542.18051	1529.63658
2025-04-10T11:40:34Z	8556.00000	1553.80797	1543.39033	1530.42180	1553.89370	1543.43747	1530.48931
2025-04-10T11:40:35Z	8557.00000	1553.78661	1543.33053	1530.38323	1553.92009	1543.47687	1530.51346
2025-04-10T11:40:36Z	8558.00000	1553.78581	1543.32861	1530.38234	1553.92298	1543.48200	1530.51617
2025-04-10T11:40:37Z	8559.00000	1553.78533	1543.32746	1530.38178	1553.92499	1543.48542	1530.51804
2025-04-10T11:40:38Z	8559.00000	1553.78495	1543.32659	1530.38136	1553.92686	1543.48796	1530.51949
2025-04-10T11:40:39Z	8560.00000	1553.78463	1543.32588	1530.38100	1553.92904	1543.48993	1530.52062
2025-04-10T11:40:40Z	8561.00000	1553.80432	1543.38070	1530.41837	1552.64674	1541.78903	1529.37519
2025-04-10T11:40:40Z	8562.00000	1553.87247	1543.58482	1530.55675	1551.21125	1539.87127	1528.06956
2025-04-10T11:40:41Z	8563.00000	1553.89198	1543.64373	1530.59895	1551.19441	1539.84656	1528.05259
2025-04-10T11:40:42Z	8564.00000	1553.89235	1543.64424	1530.59915	1551.19443	1539.84598	1528.05205
2025-04-10T11:40:43Z	8565.00000	1553.89260	1543.64462	1530.59930	1551.19452	1539.84556	1528.05184
2025-04-10T11:40:44Z	8566.00000	1553.89277	1543.64490	1530.59943	1551.19460	1539.84525	1528.05174
2025-04-10T11:40:45Z	8567.00000	1553.89294	1543.64511	1530.59953	1551.19468	1539.84503	1528.05168
2025-04-10T11:40:46Z	8568.00000	1553.89305	1543.64531	1530.59962	1551.19478	1539.84485	1528.05162
2025-04-10T11:40:47Z	8569.00000	1553.89317	1543.64547	1530.59971	1551.19487	1539.84468	1528.05157
2025-04-10T11:40:48Z	8570.00000	1553.89324	1543.64561	1530.59980	1551.38066	1540.18888	1528.20519
2025-04-10T11:40:49Z	8571.00000	1553.85918	1543.55249	1530.53208	1552.58323	1541.72887	1529.32476
2025-04-10T11:40:50Z	8572.00000	1553.82250	1543.43266	1530.44993	1553.69180	1543.16590	1530.30865
2025-04-10T11:40:51Z	8572.00000	1553.78733	1543.33209	1530.38395	1553.91817	1543.47344	1530.51184
2025-04-10T11:40:52Z	8573.00000	1553.78630	1543.32957	1530.38278	1553.92155	1543.47957	1530.51500
2025-04-10T11:40:52Z	8574.00000	1553.78577	1543.32828	1530.38214	1553.92380	1543.48342	1530.51710
2025-04-10T11:40:53Z	8575.00000	1553.78533	1543.32731	1530.38165	1553.92545	1543.48620	1530.51867
2025-04-10T11:40:54Z	8576.00000	1553.79235	1543.34686	1530.39510	1552.96839	1542.22178	1529.66635
2025-04-10T11:40:55Z	8577.00000	1553.86198	1543.55227	1530.53380	1551.34075	1540.03338	1528.18078
2025-04-10T11:40:56Z	8578.00000	1553.89207	1543.64487	1530.59952	1551.20144	1539.84513	1528.04777
2025-04-10T11:40:57Z	8579.00000	1553.89252	1543.64551	1530.59978	1551.20114	1539.84480	1528.04692
2025-04-10T11:40:58Z	8580.00000	1553.89279	1543.64584	1530.59994	1551.20106	1539.84445	1528.04664
2025-04-10T11:40:59Z	8581.00000	1553.89298	1543.64610	1530.60004	1551.20107	1539.84421	1528.04650
2025-04-10T11:41:00Z	8582.00000	1553.89310	1543.64631	1530.60014	1551.20108	1539.84402	1528.04640
2025-04-10T11:41:01Z	8583.00000	1553.89322	1543.64648	1530.60022	1551.20114	1539.84387	1528.04631
2025-04-10T11:41:02Z	8584.00000	1553.89333	1543.64663	1530.60030	1551.20121	1539.84378	1528.04626
2025-04-10T11:41:03Z	8584.00000	1553.89342	1543.64677	1530.60035	1551.19979	1539.84620	1528.04475
2025-04-10T11:41:04Z	8585.00000	1553.86984	1543.58951	1530.55988	1552.22121	1541.25901	1528.97856
2025-04-10T11:41:04Z	8586.00000	1553.83647	1543.47716	1530.47952	1553.32029	1542.67736	1529.97769
2025-04-10T11:41:05Z	8587.00000	1553.79297	1543.34712	1530.39317	1553.91547	1543.46820	1530.50945
2025-04-10T11:41:06Z	8588.00000	1553.78689	1543.33084	1530.38330	1553.91966	1543.47629	1530.51339
2025-04-10T11:41:07Z	8589.00000	1553.78621	1543.32928	1530.38257	1553.92224	1543.48077	1530.51577
2025-04-10T11:41:08Z	8590.00000	1553.78574	1543.32826	1530.38208	1553.92410	1543.48389	1530.51744
2025-04-10T11:41:09Z	8591.00000	1553.78538	1543.32746	1530.38168	1553.92553	1543.48628	1530.51879
2025-04-10T11:41:10Z	8592.00000	1553.78509	1543.32681	1530.38136	1553.52589	1542.96219	1530.16575
2025-04-10T11:41:11Z	8593.00000	1553.84134	1543.48936	1530.49108	1551.79581	1540.64196	1528.60745
2025-04-10T11:41:12Z	8594.00000	1553.89142	1543.64345	1530.59879	1551.19918	1539.84474	1528.05220
2025-04-10T11:41:13Z	8595.00000	1553.89285	1543.64617	1530.60033	1551.19857	1539.84430	1528.05076
2025-04-10T11:41:14Z	8596.00000	1553.89312	1543.64658	1530.60052	1551.19857	1539.84391	1528.05040
2025-04-10T11:41:15Z	8596.00000	1553.89331	1543.64686	1530.60065	1551.19862	1539.84367	1528.05020
2025-04-10T11:41:16Z	8597.00000	1553.89347	1543.64709	1530.60077	1551.19864	1539.84341	1528.05010
2025-04-10T11:41:16Z	8598.00000	1553.89358	1543.64728	1530.60085	1551.19868	1539.84329	1528.05000
2025-04-10T11:41:17Z	8599.00000	1553.89368	1543.64742	1530.60094	1551.19872	1539.84310	1528.04993
2025-04-10T11:41:18Z	8600.00000	1553.89376	1543.64756	1530.60099	1551.19876	1539.84299	1528.04987
2025-04-10T11:41:19Z	8601.00000	1553.88435	1543.62815	1530.58806	1551.89252	1540.84882	1528.67313
2025-04-10T11:41:20Z	8602.00000	1553.84661	1543.51058	1530.50230	1553.01218	1542.27763	1529.70632
2025-04-10T11:41:21Z	8603.00000	1553.80544	1543.38241	1530.41627	1553.90736	1543.45525	1530.50215
2025-04-10T11:41:22Z	8604.00000	1553.78727	1543.33184	1530.38380	1553.91832	1543.47386	1530.51226
2025-04-10T11:41:23Z	8605.00000	1553.78653	1543.33002	1530.38291	1553.92114	1543.47893	1530.51491
2025-04-10T11:41:24Z	8606.00000	1553.78602	1543.32888	1530.38236	1553.92310	1543.48231	1530.51676
2025-04-10T11:41:25Z	8607.00000	1553.78567	1543.32804	1530.38192	1553.92460	1543.48484	1530.51816
2025-04-10T11:41:26Z	8608.00000	1553.78535	1543.32732	1530.38156	1553.92528	1543.48608	1530.51896
2025-04-10T11:41:27Z	8608.00000	1553.80987	1543.39560	1530.42823	1552.54674	1541.65572	1529.28913
2025-04-10T11:41:28Z	8609.00000	1553.87612	1543.59631	1530.56481	1551.19735	1539.85165	1528.06157
2025-04-10T11:41:28Z	8610.00000	1553.89281	1543.64607	1530.60043	1551.19492	1539.84457	1528.05669
2025-04-10T11:41:29Z	8611.00000	1553.89314	1543.64655	1530.60065	1551.19492	1539.84407	1528.05614
2025-04-10T11:41:30Z	8612.00000	1553.89339	1543.64692	1530.60082	1551.19500	1539.84365	1528.05591
2025-04-10T11:41:31Z	8613.00000	1553.89352	1543.64717	1530.60095	1551.19509	1539.84338	1528.05578
2025-04-10T11:41:32Z	8614.00000	1553.89368	1543.64739	1530.60106	1551.19518	1539.84317	1528.05569
2025-04-10T11:41:33Z	8615.00000	1553.89377	1543.64754	1530.60116	1551.19524	1539.84297	1528.05562
2025-04-10T11:41:34Z	8616.00000	1553.89388	1543.64770	1530.60124	1551.19532	1539.84285	1528.05554
2025-04-10T11:41:35Z	8617.00000	1553.89395	1543.64780	1530.60132	1551.42805	1540.26538	1528.25810
2025-04-10T11:41:36Z	8618.00000	1553.85817	1543.54893	1530.52955	1552.62561	1541.78403	1529.36633
2025-04-10T11:41:37Z	8619.00000	1553.82119	1543.42846	1530.44703	1553.72442	1543.20897	1530.33928
2025-04-10T11:41:38Z	8620.00000	1553.78787	1543.33324	1530.38444	1553.91665	1543.47066	1530.51085
2025-04-10T11:41:39Z	8620.00000	1553.78689	1543.33081	1530.38330	1553.91990	1543.47671	1530.51391
2025-04-10T11:41:40Z	8621.00000	1553.78632	1543.32951	1530.38264	1553.92213	1543.48056	1530.51598
2025-04-10T11:41:40Z	8622.00000	1553.78593	1543.32862	1530.38219	1553.92371	1543.48329	1530.51751
2025-04-10T11:41:41Z	8623.00000	1553.78560	1543.32786	1530.38178	1553.92504	1543.48551	1530.51883
2025-04-10T11:41:42Z	8624.00000	1553.78880	1543.33700	1530.38811	1553.12144	1542.42879	1529.80848
2025-04-10T11:41:43Z	8625.00000	1553.85659	1543.53628	1530.52293	1551.42476	1540.15819	1528.28031
2025-04-10T11:41:44Z	8626.00000	1553.89226	1543.64519	1530.60005	1551.18793	1539.84653	1528.06439
2025-04-10T11:41:45Z	8627.00000	1553.89275	1543.64596	1530.60039	1551.18775	1539.84596	1528.06357
2025-04-10T11:41:46Z	8628.00000	1553.89304	1543.64637	1530.60060	1551.18779	1539.84548	1528.06332
2025-04-10T11:41:47Z	8629.00000	1553.89322	1543.64664	1530.60072	1551.18784	1539.84510	1528.06318
2025-04-10T11:41:48Z	8630.00000	1553.89337	1543.64685	1530.60082	1551.18792	1539.84485	1528.06308
2025-04-10T11:41:49Z	8631.00000	1553.89350	1543.64703	1530.60090	1551.18801	1539.84463	1528.06300
2025-04-10T11:41:50Z	8632.00000	1553.89359	1543.64718	1530.60097	1551.18808	1539.84446	1528.06293
2025-04-10T11:41:51Z	8632.00000	1553.89366	1543.64729	1530.60104	1551.18749	1539.87713	1528.05677
2025-04-10T11:41:52Z	8633.00000	1553.86761	1543.58126	1530.55350	1552.30993	1541.37485	1529.07442
2025-04-10T11:41:52Z	8634.00000	1553.83327	1543.46655	1530.47239	1553.41487	1542.80162	1530.06543
2025-04-10T11:41:53Z	8635.00000	1553.79070	1543.34070	1530.38883	1553.91457	1543.46687	1530.50925
2025-04-10T11:41:54Z	8636.00000	1553.78721	1543.33154	1530.38350	1553.91851	1543.47444	1530.51300
2025-04-10T11:41:55Z	8637.00000	1553.78661	1543.33004	1530.38277	1553.92095	1543.47871	1530.51525
2025-04-10T11:41:56Z	8638.00000	1553.78619	1543.32901	1530.38225	1553.92271	1543.48170	1530.51689
2025-04-10T11:41:57Z	8639.00000	1553.78585	1543.32825	1530.38185	1553.92407	1543.48400	1530.51820
2025-04-10T11:41:58Z	8640.00000	1553.78557	1543.32761	1530.38151	1553.62022	1543.08703	1530.25148
2025-04-10T11:41:59Z	8641.00000	1553.83763	1543.47757	1530.48324	1551.89994	1540.79159	1528.71480
2025-04-10T11:42:00Z	8642.00000	1553.89041	1543.64069	1530.59702	1551.18588	1539.84948	1528.06616
2025-04-10T11:42:01Z	8643.00000	1553.89234	1543.64535	1530.60009	1551.18530	1539.84882	1528.06454
2025-04-10T11:42:02Z	8644.00000	1553.89261	1543.64581	1530.60029	1551.18539	1539.84828	1528.06421
2025-04-10T11:42:03Z	8644.00000	1553.89282	1543.64612	1530.60044	1551.18549	1539.84791	1528.06406
2025-04-10T11:42:04Z	8645.00000	1553.89299	1543.64637	1530.60056	1551.18560	1539.84758	1528.06396
2025-04-10T11:42:05Z	8646.00000	1553.89312	1543.64657	1530.60066	1551.18569	1539.84734	1528.06388
2025-04-10T11:42:05Z	8647.00000	1553.89320	1543.64673	1530.60074	1551.18580	1539.84714	1528.06380
2025-04-10T11:42:06Z	8648.00000	1553.89330	1543.64685	1530.60082	1551.18586	1539.84698	1528.06375
2025-04-10T11:42:07Z	8649.00000	1553.88089	1543.61982	1530.58233	1551.97781	1540.95688	1528.75776
2025-04-10T11:42:08Z	8650.00000	1553.84433	1543.50244	1530.49663	1553.09564	1542.38731	1529.78371
2025-04-10T11:42:09Z	8651.00000	1553.80198	1543.37206	1530.40922	1553.91248	1543.46187	1530.50729
2025-04-10T11:42:10Z	8652.00000	1553.78761	1543.33238	1530.38384	1553.91720	1543.47184	1530.51184
2025-04-10T11:42:11Z	8653.00000	1553.78690	1543.33065	1530.38300	1553.91997	1543.47679	1530.51440
2025-04-10T11:42:12Z	8654.00000	1553.78643	1543.32953	1530.38243	1553.92190	1543.48011	1530.51621
2025-04-10T11:42:13Z	8655.00000	1553.78610	1543.32870	1530.38203	1553.92335	1543.48255	1530.51757
2025-04-10T11:42:14Z	8656.00000	1553.78580	1543.32803	1530.38167	1553.91246	1543.46867	1530.50823
2025-04-10T11:42:15Z	8656.00000	1553.81509	1543.40991	1530.43779	1552.43526	1541.51149	1529.19452
2025-04-10T11:42:16Z	8657.00000	1553.87946	1543.60664	1530.57233	1551.18843	1539.85080	1528.06981
2025-04-10T11:42:17Z	8658.00000	1553.89279	1543.64614	1530.60063	1551.18708	1539.84796	1528.06593
2025-04-10T11:42:17Z	8659.00000	1553.89310	1543.64659	1530.60082	1551.18714	1539.84747	1528.06532
2025-04-10T11:42:18Z	8660.00000	1553.89333	1543.64692	1530.60100	1551.18726	1539.84706	1528.06508
2025-04-10T11:42:19Z	8661.00000	1553.89348	1543.64721	1530.60113	1551.18734	1539.84679	1528.06493
2025-04-10T11:42:20Z	8662.00000	1553.89363	1543.64739	1530.60123	1551.18744	1539.84658	1528.06485
2025-04-10T11:42:21Z	8663.00000	1553.89373	1543.64756	1530.60134	1551.18752	1539.84641	1528.06477
2025-04-10T11:42:22Z	8664.00000	1553.89384	1543.64769	1530.60139	1551.18761	1539.84624	1528.06470
2025-04-10T11:42:23Z	8665.00000	1553.89390	1543.64780	1530.60147	1551.52097	1540.40364	1528.34681
2025-04-10T11:42:24Z	8666.00000	1553.85637	1543.54170	1530.52423	1552.72020	1541.90499	1529.45173
2025-04-10T11:42:25Z	8667.00000	1553.81799	1543.41807	1530.43986	1553.79577	1543.30309	1530.40311
2025-04-10T11:42:26Z	8668.00000	1553.78819	1543.33360	1530.38438	1553.91575	1543.46890	1530.51055
2025-04-10T11:42:27Z	8668.00000	1553.78733	1543.33136	1530.38335	1553.91896	1543.47482	1530.51355
2025-04-10T11:42:28Z	8669.00000	1553.78677	1543.33009	1530.38272	1553.92110	1543.47849	1530.51552
2025-04-10T11:42:29Z	8670.00000	1553.78639	1543.32918	1530.38226	1553.92268	1543.48120	1530.51702
2025-04-10T11:42:29Z	8671.00000	1553.78604	1543.32846	1530.38189	1553.92394	1543.48331	1530.51824
2025-04-10T11:42:30Z	8672.00000	1553.79329	1543.34856	1530.39577	1552.96171	1542.21813	1529.66999
2025-04-10T11:42:31Z	8673.00000	1553.86251	1543.55409	1530.53528	1551.31638	1540.02004	1528.18498
2025-04-10T11:42:32Z	8674.00000	1553.89297	1543.64640	1530.60094	1551.18862	1539.84751	1528.06744
2025-04-10T11:42:33Z	8675.00000	1553.89342	1543.64709	1530.60127	1551.18857	1539.84704	1528.06657
2025-04-10T11:42:34Z	8676.00000	1553.89368	1543.64750	1530.60145	1551.18868	1539.84662	1528.06611
2025-04-10T11:42:35Z	8677.00000	1553.89399	1543.64795	1530.60164	1551.18890	1539.84639	1528.06578
2025-04-10T11:42:36Z	8678.00000	1553.89412	1543.64823	1530.60177	1551.18893	1539.84615	1528.06563
2025-04-10T11:42:37Z	8679.00000	1553.89425	1543.64843	1530.60186	1551.18894	1539.84586	1528.06552
2025-04-10T11:42:38Z	8680.00000	1553.89432	1543.64850	1530.60193	1551.18920	1539.84583	1528.06544
2025-04-10T11:42:39Z	8680.00000	1553.89437	1543.64850	1530.60194	1551.20689	1539.91908	1528.07615
2025-04-10T11:42:40Z	8681.00000	1553.86656	1543.57617	1530.54966	1552.37118	1541.45465	1529.13388
2025-04-10T11:42:41Z	8682.00000	1553.83182	1543.46000	1530.46789	1553.47767	1542.88251	1530.12078
2025-04-10T11:42:41Z	8683.00000	1553.79008	1543.33827	1530.38710	1553.91378	1543.46505	1530.50880
2025-04-10T11:42:42Z	8684.00000	1553.78769	1543.33209	1530.38369	1553.91757	1543.47237	1530.51241
2025-04-10T11:42:43Z	8685.00000	1553.78711	1543.33064	1530.38296	1553.91997	1543.47657	1530.51463
2025-04-10T11:42:44Z	8686.00000	1553.78667	1543.32965	1530.38246	1553.92172	1543.47955	1530.51625
2025-04-10T11:42:45Z	8687.00000	1553.78636	1543.32888	1530.38207	1553.92311	1543.48189	1530.51758
2025-04-10T11:42:46Z	8688.00000	1553.78608	1543.32825	1530.38176	1553.54260	1542.98454	1530.18379
2025-04-10T11:42:47Z	8689.00000	1553.84137	1543.48822	1530.49035	1551.81661	1540.68175	1528.64100
2025-04-10T11:42:48Z	8690.00000	1553.89216	1543.64449	1530.59953	1551.19375	1539.84607	1528.06677
2025-04-10T11:42:49Z	8691.00000	1553.89387	1543.64789	1530.60163	1551.19352	1539.84514	1528.06546
2025-04-10T11:42:50Z	8692.00000	1553.89415	1543.64834	1530.60185	1551.19356	1539.84464	1528.06514
2025-04-10T11:42:51Z	8693.00000	1553.89439	1543.64864	1530.60200	1551.19364	1539.84435	1528.06496
2025-04-10T11:42:52Z	8693.00000	1553.89451	1543.64889	1530.60211	1551.19372	1539.84406	1528.06481
2025-04-10T11:42:53Z	8694.00000	1553.89462	1543.64906	1530.60220	1551.19378	1539.84386	1528.06470
2025-04-10T11:42:53Z	8695.00000	1553.89476	1543.64920	1530.60228	1551.19384	1539.84370	1528.06465
2025-04-10T11:42:54Z	8696.00000	1553.89483	1543.64932	1530.60234	1551.19390	1539.84360	1528.06459
2025-04-10T11:42:55Z	8697.00000	1553.87963	1543.61574	1530.57927	1552.02145	1541.00933	1528.79846
2025-04-10T11:42:56Z	8698.00000	1553.84369	1543.49872	1530.49391	1553.14424	1542.44817	1529.82476
2025-04-10T11:42:57Z	8699.00000	1553.80085	1543.36798	1530.40632	1553.91165	1543.46026	1530.50673
2025-04-10T11:42:58Z	8700.00000	1553.78814	1543.33296	1530.38402	1553.91644	1543.47005	1530.51137
2025-04-10T11:42:59Z	8701.00000	1553.78745	1543.33124	1530.38318	1553.91912	1543.47487	1530.51389
2025-04-10T11:43:00Z	8702.00000	1553.78699	1543.33015	1530.38263	1553.92102	1543.47815	1530.51567
2025-04-10T11:43:01Z	8703.00000	1553.78662	1543.32930	1530.38219	1553.92249	1543.48058	1530.51703
2025-04-10T11:43:02Z	8704.00000	1553.78634	1543.32864	1530.38184	1553.92364	1543.48252	1530.51813
2025-04-10T11:43:03Z	8704.00000	1553.78608	1543.32803	1530.38154	1553.92465	1543.48416	1530.51912
2025-04-10T11:43:04Z	8705.00000	1553.78588	1543.32752	1530.38128	1553.92547	1543.48554	1530.51993
2025-04-10T11:43:04Z	8706.00000	1553.78566	1543.32707	1530.38103	1553.92622	1543.48676	1530.52070
